OcutimeStamp,UnityTimeStamp,cameraPosition.x,cameraPosition.y,cameraPosition.z,cameraRotation.x,cameraRotation.y,cameraRotation.z,cameraRotation.w,meanBasePoint.x,meanBasePoint.y,meanBasePoint.z,meanGazeDirection.x,meanGazeDirection.y,meanGazeDirection.z,leftBasePoint.x,leftBasePoint.y,leftBasePoint.z,rightBasePoint.x,rightBasePoint.y,rightBasePoint.z,leftEyeDirection.x,leftEyeDirection.y,leftEyeDirection.z,rightEyeDirection.x,rightEyeDirection.y,rightEyeDirection.z,pupilDiameterL,pupilDiameterR,valB,valL,valR
2187757,63780534824583,-13.65367,2.650605,-0.06651457,-0.04000258,0.9744243,0.17635,-0.1334088,-0.03073775,0.002465988,-0.03203603,-0.128418,-0.0193634,0.9915161,0.03371715,0.003307755,-0.03081929,0.03371715,0.003307755,-0.03081929,-0.09075928,-0.03120422,0.9953766,-0.09075928,-0.03120422,0.9953766,2.723404,2.723404,True,True,True
2187765,63780534824583,-13.65367,2.650605,-0.06651457,-0.04000258,0.9744243,0.17635,-0.1334088,-0.02281169,0.002543106,-0.03175563,-0.1212311,-0.01869202,0.9924316,0.03370612,0.003338532,-0.03092339,0.03370612,0.003338532,-0.03092339,-0.08084106,-0.03842163,0.9959717,-0.08084106,-0.03842163,0.9959717,2.675674,2.675674,True,True,True
2187773,63780534824583,-13.65367,2.650605,-0.06651457,-0.04000258,0.9744243,0.17635,-0.1334088,0.01286641,0.003072724,-0.03126837,-0.08728027,-0.02586365,0.9958344,0.03369451,0.003384827,-0.03104584,0.03369451,0.003384827,-0.03104584,-0.07176208,-0.0296936,0.9969635,-0.07176208,-0.0296936,0.9969635,2.706619,2.706619,True,True,True
2187782,63780534824583,-13.65367,2.650605,-0.06651457,-0.04000258,0.9744243,0.17635,-0.1334088,0.02265866,0.003238312,-0.03117456,-0.0786438,-0.03448486,0.9962921,0.03367944,0.003410904,-0.03108049,0.03367944,0.003410904,-0.03108049,-0.07060242,-0.03666687,0.9968262,-0.07060242,-0.03666687,0.9968262,2.694595,2.694595,True,True,True
2187790,63780534824583,-13.65367,2.650605,-0.06651457,-0.04000258,0.9744243,0.17635,-0.1334088,0.02157172,0.003113724,-0.03082263,-0.07836914,-0.02941895,0.9964752,0.0336537,0.003278397,-0.03063735,0.0336537,0.003278397,-0.03063735,-0.07026672,-0.03057861,0.9970551,-0.07026672,-0.03057861,0.9970551,2.670975,2.670975,True,True,True
2187798,63780534824583,-13.65367,2.650605,-0.06651457,-0.04000258,0.9744243,0.17635,-0.1334088,0.001942475,0.002858597,-0.0311857,-0.08789063,-0.02511597,0.9958038,0.03364227,0.00327063,-0.03060189,0.03364227,0.00327063,-0.03060189,-0.06562805,-0.03210449,0.9973145,-0.06562805,-0.03210449,0.9973145,2.642136,2.642136,True,True,True
2187807,63780534824583,-13.65367,2.650605,-0.06651457,-0.04000258,0.9744243,0.17635,-0.1334088,-0.01929849,0.00257988,-0.03160616,-0.099823,-0.02111816,0.9947662,0.03360932,0.00320369,-0.03038817,0.03360932,0.00320369,-0.03038817,-0.06384277,-0.03663635,0.9972839,-0.06384277,-0.03663635,0.9972839,2.668488,2.668488,True,True,True
2187815,63780534824583,-13.65367,2.650605,-0.06651457,-0.04000258,0.9744243,0.17635,-0.1334088,-0.01213091,0.002680084,-0.03152838,-0.09057617,-0.02796936,0.9954834,0.03358672,0.003276444,-0.03068845,0.03358672,0.003276444,-0.03068845,-0.06370544,-0.03623962,0.9972992,-0.06370544,-0.03623962,0.9972992,2.632431,2.632431,True,True,True
2187823,63780534824583,-13.65367,2.650605,-0.06651457,-0.04000258,0.9744243,0.17635,-0.1334088,-0.008841416,0.00268219,-0.03140126,-0.08161926,-0.02534485,0.9963379,0.03356734,0.00323378,-0.03063442,0.03356734,0.00323378,-0.03063442,-0.05682373,-0.02708435,0.9980164,-0.05682373,-0.02708435,0.9980164,2.635422,2.635422,True,True,True
2187832,63780534824583,-13.65367,2.650605,-0.06651457,-0.04000258,0.9744243,0.17635,-0.1334088,-0.02646892,0.002396576,-0.03158267,-0.08670044,-0.02267456,0.9959717,0.03354033,0.003141266,-0.03039121,0.03354033,0.003141266,-0.03039121,-0.05133057,-0.02262878,0.9984131,-0.05133057,-0.02262878,0.9984131,2.637665,2.637665,True,True,True
2187840,63780534824583,-13.65367,2.650605,-0.06651457,-0.04000258,0.9744243,0.17635,-0.1334088,-0.02902017,0.002332443,-0.03155435,-0.08604431,-0.01895142,0.996109,0.03352527,0.003111283,-0.03034021,0.03352527,0.003111283,-0.03034021,-0.05256653,-0.02842712,0.9981995,-0.05256653,-0.02842712,0.9981995,2.680771,2.680771,True,True,True
2187848,63780534824583,-13.65367,2.650605,-0.06651457,-0.04000258,0.9744243,0.17635,-0.1334088,-0.02886231,0.002344101,-0.0316089,-0.08578491,-0.01925659,0.9961243,0.03350461,0.003106964,-0.03035687,0.03350461,0.003106964,-0.03035687,-0.05281067,-0.02778625,0.9982147,-0.05281067,-0.02778625,0.9982147,2.688202,2.688202,True,True,True
2187857,63780534824583,-13.65367,2.650605,-0.06651457,-0.04000258,0.9744243,0.17635,-0.1334088,-0.0236593,0.002390396,-0.03152884,-0.07505798,-0.01634216,0.9970398,0.03348462,0.003114899,-0.03041507,0.03348462,0.003114899,-0.03041507,-0.05316162,-0.02362061,0.998291,-0.05316162,-0.02362061,0.998291,2.559448,2.559448,True,True,True
2187865,63780534824583,-13.65367,2.650605,-0.06651457,-0.04000258,0.9744243,0.17635,-0.1334088,-0.005603104,0.002635727,-0.03122258,-0.05950928,-0.01750183,0.9980621,0.03346717,0.003124619,-0.03045247,0.03346717,0.003124619,-0.03045247,-0.03613281,-0.02574158,0.9990082,-0.03613281,-0.02574158,0.9990082,2.598068,2.598068,True,True,True
2187873,63780534824583,-13.65367,2.650605,-0.06651457,-0.04000258,0.9744243,0.17635,-0.1334088,-0.001166641,0.002702439,-0.03111772,-0.05418396,-0.02241516,0.9982758,0.03344835,0.00311734,-0.03042217,0.03344835,0.00311734,-0.03042217,-0.0324707,-0.02256775,0.9992065,-0.0324707,-0.02256775,0.9992065,2.61499,2.61499,True,True,True
2187882,63780534824583,-13.65367,2.650605,-0.06651457,-0.04000258,0.9744243,0.17635,-0.1334088,0.005502655,0.002807694,-0.03102815,-0.05096436,-0.02487183,0.9983826,0.03342319,0.003143097,-0.03047398,0.03342319,0.003143097,-0.03047398,-0.0287323,-0.02937317,0.9991455,-0.0287323,-0.02937317,0.9991455,2.657944,2.657944,True,True,True
2187890,63780534824583,-13.65367,2.650605,-0.06651457,-0.04000258,0.9744243,0.17635,-0.1334088,-0.00476355,0.002685135,-0.03121817,-0.05371094,-0.0234375,0.9982758,0.03339531,0.003186783,-0.03061218,0.03339531,0.003186783,-0.03061218,-0.02687073,-0.02043152,0.9994202,-0.02687073,-0.02043152,0.9994202,2.629074,2.629074,True,True,True
2187898,63780534824583,-13.65367,2.650605,-0.06651457,-0.04000258,0.9744243,0.17635,-0.1334088,-0.001039398,0.002721664,-0.03110781,-0.04907227,-0.02401733,0.9985046,0.03336341,0.003178955,-0.03057067,0.03336341,0.003178955,-0.03057067,-0.02964783,-0.02839661,0.9991455,-0.02964783,-0.02839661,0.9991455,2.586151,2.586151,True,True,True
2187907,63780534824583,-13.65367,2.650605,-0.06651457,-0.04000258,0.9744243,0.17635,-0.1334088,0.004581162,0.002768936,-0.03094495,-0.03501892,-0.01968384,0.9991913,0.03333377,0.003128342,-0.03041547,0.03333377,0.003128342,-0.03041547,-0.01376343,-0.02099609,0.9996796,-0.01376343,-0.02099609,0.9996796,2.542816,2.542816,True,True,True
2187915,63780534824583,-13.65367,2.650605,-0.06651457,-0.04000258,0.9744243,0.17635,-0.1334088,0.003489578,0.002741821,-0.03096108,-0.03578186,-0.02687073,0.9989929,0.03331462,0.003093674,-0.03032665,0.03331462,0.003093674,-0.03032665,-0.01225281,-0.02903748,0.9994965,-0.01225281,-0.02903748,0.9994965,2.505249,2.505249,True,True,True
2187923,63780534824583,-13.65367,2.650605,-0.06651457,-0.04000258,0.9744243,0.17635,-0.1334088,-0.0004232025,0.002672714,-0.0310006,-0.0378418,-0.02613831,0.9989319,0.03329214,0.003071717,-0.03028865,0.03329214,0.003071717,-0.03028865,-0.007415771,-0.02914429,0.9995422,-0.007415771,-0.02914429,0.9995422,2.484283,2.484283,True,True,True
2187932,63780534824583,-13.65367,2.650605,-0.06651457,-0.04000258,0.9744243,0.17635,-0.1334088,-0.0007128754,0.002677658,-0.03105676,-0.03381348,-0.0280304,0.9990234,0.03327672,0.003062149,-0.03028534,0.03327672,0.003062149,-0.03028534,-0.01089478,-0.03297424,0.9993896,-0.01089478,-0.03297424,0.9993896,2.48439,2.48439,True,True,True
2187940,63780534824583,-13.65367,2.650605,-0.06651457,-0.04000258,0.9744243,0.17635,-0.1334088,-0.003639847,0.00264357,-0.03113423,-0.03222656,-0.02194214,0.9992371,0.0332636,0.00305838,-0.03029205,0.0332636,0.00305838,-0.03029205,-0.002243042,-0.02397156,0.9996948,-0.002243042,-0.02397156,0.9996948,2.577713,2.577713,True,True,True
2187948,63780534824583,-13.65367,2.650605,-0.06651457,-0.04000258,0.9744243,0.17635,-0.1334088,-0.004220245,0.002671951,-0.03115497,-0.0440979,-0.02400208,0.9987335,0.03333675,0.003144928,-0.03048905,0.03333675,0.003144928,-0.03048905,-0.01905823,-0.02966309,0.9993744,-0.01905823,-0.02966309,0.9993744,2.531082,2.531082,True,True,True
2187957,63780534824583,-13.65367,2.650605,-0.06651457,-0.04000258,0.9744243,0.17635,-0.1334088,-0.03278746,0.002483795,-0.03200572,-0.1022797,-0.008575439,0.9947052,0.03338376,0.002733276,-0.02847013,0.03338376,0.002733276,-0.02847013,-0.09135437,-0.01416016,0.9957123,-0.09135437,-0.01416016,0.9957123,2.692825,2.692825,True,True,True
2187965,63780534824583,-13.65367,2.650605,-0.06651457,-0.04000258,0.9744243,0.17635,-0.1334088,-0.03265347,0.00262558,-0.03220932,-0.1217804,0.006439209,0.9925232,0.0336868,0.003775803,-0.03198473,0.0336868,0.003775803,-0.03198473,-0.0662384,-0.01283264,0.9977112,-0.0662384,-0.01283264,0.9977112,2.514069,2.514069,True,True,True
2187973,63780534824583,-13.65367,2.650605,-0.06651457,-0.04000258,0.9744243,0.17635,-0.1334088,-0.03249367,0.002732941,-0.03226938,-0.1372223,0.04067993,0.9897003,0.03380223,0.003842972,-0.03198747,0.03380223,0.003842972,-0.03198747,-0.0881958,0.01292419,0.9960175,-0.0881958,0.01292419,0.9960175,2.546158,2.546158,True,True,True
2187982,63780534824583,-13.65367,2.650605,-0.06651457,-0.04000258,0.9744243,0.17635,-0.1334088,-0.03243561,0.003047882,-0.03313474,-0.147934,0.04129028,0.9881287,0.03383753,0.003853714,-0.03191896,0.03383753,0.003853714,-0.03191896,-0.1030884,0.02563477,0.994339,-0.1030884,0.02563477,0.994339,2.536041,2.536041,True,True,True
2187990,63780534824583,-13.65367,2.650605,-0.06651457,-0.04000258,0.9744243,0.17635,-0.1334088,-0.03246288,0.002995956,-0.03289493,-0.1313782,0.02868652,0.9909058,0.03381133,0.00377179,-0.03158282,0.03381133,0.00377179,-0.03158282,-0.0917511,0.02073669,0.9955597,-0.0917511,0.02073669,0.9955597,2.565292,2.565292,True,True,True
2187998,63780534824583,-13.65367,2.650605,-0.06651457,-0.04000258,0.9744243,0.17635,-0.1334088,-0.0324912,0.002863632,-0.03247417,-0.135498,0.04714966,0.9896393,0.03380885,0.003796509,-0.03171323,0.03380885,0.003796509,-0.03171323,-0.0861969,0.01882935,0.9960938,-0.0861969,0.01882935,0.9960938,2.496964,2.496964,True,True,True
2188007,63780534824583,-13.65367,2.650605,-0.06651457,-0.04000258,0.9744243,0.17635,-0.1334088,-0.03251085,0.002842804,-0.03241551,-0.1327667,0.05075073,0.9898376,0.03381047,0.003808792,-0.03177774,0.03381047,0.003808792,-0.03177774,-0.09432983,0.02555847,0.9952087,-0.09432983,0.02555847,0.9952087,2.462387,2.462387,True,True,True
2188015,63780534824583,-13.65367,2.650605,-0.06651457,-0.04000258,0.9744243,0.17635,-0.1334088,-0.03251969,0.002895142,-0.03263083,-0.1276093,0.04322815,0.9908752,0.0338189,0.003846634,-0.03194251,0.0338189,0.003846634,-0.03194251,-0.08833313,0.01841736,0.9959106,-0.08833313,0.01841736,0.9959106,2.413361,2.413361,True,True,True
2188023,63780534824583,-13.65367,2.650605,-0.06651457,-0.04000258,0.9744243,0.17635,-0.1334088,-0.03253243,0.002880844,-0.03259579,-0.1255188,0.04003906,0.991272,0.03381426,0.003810867,-0.03183861,0.03381426,0.003810867,-0.03183861,-0.07971191,0.006790161,0.9967804,-0.07971191,0.006790161,0.9967804,2.504135,2.504135,True,True,True
2188032,63780534824583,-13.65367,2.650605,-0.06651457,-0.04000258,0.9744243,0.17635,-0.1334088,-0.03254407,0.002890015,-0.03266103,-0.1233521,0.0430603,0.9914246,0.03381393,0.003810089,-0.03185597,0.03381393,0.003810089,-0.03185597,-0.07781982,0.006652832,0.996933,-0.07781982,0.006652832,0.996933,2.481506,2.481506,True,True,True
2188040,63780534824583,-13.65367,2.650605,-0.06651457,-0.04000258,0.9744243,0.17635,-0.1334088,0.03259465,0.0037939,-0.03188815,-0.08036804,0.00718689,0.9967346,0.03381426,0.003810867,-0.03187335,0.03381426,0.003810867,-0.03187335,-0.07966614,0.006484985,0.9967957,-0.07966614,0.006484985,0.9967957,2.503326,2.503326,True,True,True
2188048,63780534824583,-13.65367,2.650605,-0.06651457,-0.04000258,0.9744243,0.17635,-0.1334088,0.03128017,0.00377829,-0.03194116,-0.0788269,0.008132935,0.9968414,0.03381597,0.003816208,-0.03191928,0.03381597,0.003816208,-0.03191928,-0.07710266,0.006774902,0.996994,-0.07710266,0.006774902,0.996994,2.509476,2.509476,True,True,True
2188057,63780534824583,-13.65367,2.650605,-0.06651457,-0.04000258,0.9744243,0.17635,-0.1334088,0.02934349,0.003744629,-0.03200197,-0.07783508,0.01161194,0.9968872,0.03381767,0.003810867,-0.03196521,0.03381767,0.003810867,-0.03196521,-0.07461548,0.009567261,0.9971619,-0.07461548,0.009567261,0.9971619,2.502151,2.502151,True,True,True
2188065,63780534824583,-13.65367,2.650605,-0.06651457,-0.04000258,0.9744243,0.17635,-0.1334088,0.01469141,0.003516968,-0.03214787,-0.08184814,0.01696777,0.9964905,0.03382764,0.003794098,-0.03199355,0.03382764,0.003794098,-0.03199355,-0.06483459,0.008682251,0.9978485,-0.06483459,0.008682251,0.9978485,2.49321,2.49321,True,True,True
2188073,63780534824583,-13.65367,2.650605,-0.06651457,-0.04000258,0.9744243,0.17635,-0.1334088,0.00521048,0.003386002,-0.03228023,-0.08969116,0.02307129,0.995697,0.03383635,0.003800354,-0.03207567,0.03383635,0.003800354,-0.03207567,-0.06411743,0.01176453,0.9978638,-0.06411743,0.01176453,0.9978638,2.467072,2.467072,True,True,True
2188082,63780534824583,-13.65367,2.650605,-0.06651457,-0.04000258,0.9744243,0.17635,-0.1334088,0.007264634,0.003399292,-0.03224031,-0.08969116,0.005844116,0.9959412,0.03384238,0.003768601,-0.03201945,0.03384238,0.003768601,-0.03201945,-0.06729126,-0.01487732,0.9976196,-0.06729126,-0.01487732,0.9976196,2.537476,2.537476,True,True,True
2188090,63780534824583,-13.65367,2.650605,-0.06651457,-0.04000258,0.9744243,0.17635,-0.1334088,0.008520829,0.003394669,-0.03219782,-0.08815002,0.009033203,0.9960632,0.03384629,0.003728974,-0.03195217,0.03384629,0.003728974,-0.03195217,-0.06678772,-0.008102417,0.9977264,-0.06678772,-0.008102417,0.9977264,2.591705,2.591705,True,True,True
2188098,63780534824583,-13.65367,2.650605,-0.06651457,-0.04000258,0.9744243,0.17635,-0.1334088,0.007168747,0.003358109,-0.03219794,-0.08952332,0.01324463,0.9958954,0.03385242,0.003693421,-0.03191353,0.03385242,0.003693421,-0.03191353,-0.06741333,-0.002700806,0.9977112,-0.06741333,-0.002700806,0.9977112,2.606339,2.606339,True,True,True
2188107,63780534824583,-13.65367,2.650605,-0.06651457,-0.04000258,0.9744243,0.17635,-0.1334088,0.009204804,0.003359009,-0.03216686,-0.08818054,0.01069641,0.9960327,0.03386324,0.00365419,-0.03189388,0.03386324,0.00365419,-0.03189388,-0.06796265,-0.004272461,0.9976654,-0.06796265,-0.004272461,0.9976654,2.589508,2.589508,True,True,True
2188115,63780534824583,-13.65367,2.650605,-0.06651457,-0.04000258,0.9744243,0.17635,-0.1334088,0.008300171,0.003296936,-0.03212204,-0.08805847,0.00541687,0.9960938,0.03386502,0.003590302,-0.03175481,0.03386502,0.003590302,-0.03175481,-0.06881714,-0.006408691,0.9976044,-0.06881714,-0.006408691,0.9976044,2.593704,2.593704,True,True,True
2188123,63780534824583,-13.65367,2.650605,-0.06651457,-0.04000258,0.9744243,0.17635,-0.1334088,-0.008430298,0.003038071,-0.03221268,-0.1022034,0.008087158,0.9947205,0.03386882,0.003517517,-0.03159311,0.03386882,0.003517517,-0.03159311,-0.07513428,-0.008880615,0.9971313,-0.07513428,-0.008880615,0.9971313,2.499756,2.499756,True,True,True
2188132,63780534824583,-13.65367,2.650605,-0.06651457,-0.04000258,0.9744243,0.17635,-0.1334088,-0.02453693,0.002826096,-0.03242185,-0.1077271,0.009399414,0.9941254,0.0338719,0.003482941,-0.03156384,0.0338719,0.003482941,-0.03156384,-0.06452942,-0.008865356,0.9978638,-0.06452942,-0.008865356,0.9978638,2.689789,2.689789,True,True,True
2188140,63780534824583,-13.65367,2.650605,-0.06651457,-0.04000258,0.9744243,0.17635,-0.1334088,-0.02890091,0.002751785,-0.03245886,-0.1075592,0.00340271,0.9941864,0.0338779,0.003467453,-0.03158275,0.0338779,0.003467453,-0.03158275,-0.06817627,-0.009536743,0.9976196,-0.06817627,-0.009536743,0.9976196,2.64064,2.64064,True,True,True
2188148,63780534824583,-13.65367,2.650605,-0.06651457,-0.04000258,0.9744243,0.17635,-0.1334088,-0.02891057,0.002756241,-0.03252098,-0.1086273,0.005310059,0.9940643,0.03389298,0.003482239,-0.03169271,0.03389298,0.003482239,-0.03169271,-0.07696533,-0.01376343,0.996933,-0.07696533,-0.01376343,0.996933,2.593369,2.593369,True,True,True
2188157,63780534824583,-13.65367,2.650605,-0.06651457,-0.04000258,0.9744243,0.17635,-0.1334088,-0.02534114,0.002785584,-0.03248085,-0.1005859,0.00428772,0.9949036,0.03390167,0.003473755,-0.03170652,0.03390167,0.003473755,-0.03170652,-0.07487488,-0.01721191,0.9970398,-0.07487488,-0.01721191,0.9970398,2.580856,2.580856,True,True,True
2188165,63780534824583,-13.65367,2.650605,-0.06651457,-0.04000258,0.9744243,0.17635,-0.1334088,-0.01657016,0.002849823,-0.0322888,-0.1012421,-0.005493164,0.9948425,0.03390985,0.003455643,-0.03168846,0.03390985,0.003455643,-0.03168846,-0.07476807,-0.01571655,0.9970703,-0.07476807,-0.01571655,0.9970703,2.577911,2.577911,True,True,True
2188173,63780534824583,-13.65367,2.650605,-0.06651457,-0.04000258,0.9744243,0.17635,-0.1334088,-0.005909226,0.002944428,-0.03209896,-0.09043884,-0.008728027,0.9958496,0.03392046,0.003405396,-0.0315766,0.03392046,0.003405396,-0.0315766,-0.06747437,-0.01628113,0.9975739,-0.06747437,-0.01628113,0.9975739,2.600601,2.600601,True,True,True
2188182,63780534824583,-13.65367,2.650605,-0.06651457,-0.04000258,0.9744243,0.17635,-0.1334088,-0.001455963,0.002960312,-0.03197055,-0.08976746,-0.00592041,0.9959412,0.03393338,0.003356003,-0.03147051,0.03393338,0.003356003,-0.03147051,-0.06973267,-0.01135254,0.9974976,-0.06973267,-0.01135254,0.9974976,2.581177,2.581177,True,True,True
2188190,63780534824583,-13.65367,2.650605,-0.06651457,-0.04000258,0.9744243,0.17635,-0.1334088,0.005940262,0.003025177,-0.03184104,-0.08578491,-0.0007476807,0.9963074,0.03394553,0.003332062,-0.03143441,0.03394553,0.003332062,-0.03143441,-0.07406616,-0.002716064,0.9972382,-0.07406616,-0.002716064,0.9972382,2.560852,2.560852,True,True,True
2188198,63780534824583,-13.65367,2.650605,-0.06651457,-0.04000258,0.9744243,0.17635,-0.1334088,-9.469605E-05,0.002940048,-0.03186585,-0.08708191,-0.0009460449,0.9961853,0.03395142,0.003299835,-0.03133271,0.03395142,0.003299835,-0.03133271,-0.06942749,-0.005111694,0.9975586,-0.06942749,-0.005111694,0.9975586,2.603348,2.603348,True,True,True
2188207,63780534824583,-13.65367,2.650605,-0.06651457,-0.04000258,0.9744243,0.17635,-0.1334088,-0.01033693,0.002827835,-0.03200827,-0.09187317,0.0007476807,0.9957581,0.03396158,0.003300568,-0.03133037,0.03396158,0.003300568,-0.03133037,-0.07025146,-0.0009765625,0.9975281,-0.07025146,-0.0009765625,0.9975281,2.634659,2.634659,True,True,True
2188215,63780534824583,-13.65367,2.650605,-0.06651457,-0.04000258,0.9744243,0.17635,-0.1334088,-0.01695755,0.002758896,-0.03203035,-0.09310913,-0.006958008,0.9956207,0.03396752,0.003290466,-0.03127156,0.03396752,0.003290466,-0.03127156,-0.0667572,-0.007980347,0.9977264,-0.0667572,-0.007980347,0.9977264,2.657104,2.657104,True,True,True
2188223,63780534824583,-13.65367,2.650605,-0.06651457,-0.04000258,0.9744243,0.17635,-0.1334088,-0.0204337,0.002753128,-0.03214122,-0.09518433,-0.003067017,0.9954529,0.03397234,0.003305618,-0.03127407,0.03397234,0.003305618,-0.03127407,-0.07173157,-0.005508423,0.997406,-0.07173157,-0.005508423,0.997406,2.571838,2.571838,True,True,True
2188232,63780534824583,-13.65367,2.650605,-0.06651457,-0.04000258,0.9744243,0.17635,-0.1334088,-0.02165724,0.002762238,-0.03219655,-0.09768677,-0.002029419,0.9952087,0.03397426,0.003317383,-0.03125458,0.03397426,0.003317383,-0.03125458,-0.06971741,-0.008117676,0.9975281,-0.06971741,-0.008117676,0.9975281,2.638046,2.638046,True,True,True
2188240,63780534824583,-13.65367,2.650605,-0.06651457,-0.04000258,0.9744243,0.17635,-0.1334088,-0.01806316,0.002818695,-0.03216519,-0.09848022,-0.00289917,0.9951324,0.03398146,0.003351853,-0.03132657,0.03398146,0.003351853,-0.03132657,-0.07192993,-0.00944519,0.9973602,-0.07192993,-0.00944519,0.9973602,2.656174,2.656174,True,True,True
2188248,63780534824583,-13.65367,2.650605,-0.06651457,-0.04000258,0.9744243,0.17635,-0.1334088,-0.004250656,0.002987854,-0.0320085,-0.08763123,0.0009765625,0.9961395,0.03398369,0.003380051,-0.03139516,0.03398369,0.003380051,-0.03139516,-0.0642395,-0.007629395,0.9978943,-0.0642395,-0.007629395,0.9978943,2.69368,2.69368,True,True,True
2188257,63780534824583,-13.65367,2.650605,-0.06651457,-0.04000258,0.9744243,0.17635,-0.1334088,0.0009396973,0.003062988,-0.03198685,-0.08483887,-0.002792358,0.9963837,0.03398392,0.00341507,-0.03149755,0.03398392,0.00341507,-0.03149755,-0.06672668,-0.01081848,0.9977112,-0.06672668,-0.01081848,0.9977112,2.623672,2.623672,True,True,True
2188265,63780534824583,-13.65367,2.650605,-0.06651457,-0.04000258,0.9744243,0.17635,-0.1334088,-0.001212265,0.003043152,-0.03203061,-0.08493042,4.577637E-05,0.9963837,0.03398401,0.003431336,-0.03154572,0.03398401,0.003431336,-0.03154572,-0.06610107,-0.007766724,0.9977722,-0.06610107,-0.007766724,0.9977722,2.641098,2.641098,True,True,True
2188273,63780534824583,-13.65367,2.650605,-0.06651457,-0.04000258,0.9744243,0.17635,-0.1334088,-0.009556306,0.002950211,-0.03210063,-0.09077454,3.051758E-05,0.9958649,0.0339841,0.003447602,-0.03159389,0.0339841,0.003447602,-0.03159389,-0.06588745,-0.007583618,0.9977875,-0.06588745,-0.007583618,0.9977875,2.657761,2.657761,True,True,True
2188282,63780534824583,-13.65367,2.650605,-0.06651457,-0.04000258,0.9744243,0.17635,-0.1334088,-0.02234137,0.002842743,-0.0322704,-0.1037292,0.001846313,0.9945984,0.033974,0.003505173,-0.03173513,0.033974,0.003505173,-0.03173513,-0.06361389,-0.008270264,0.9979248,-0.06361389,-0.008270264,0.9979248,2.723053,2.723053,True,True,True
2188290,63780534824583,-13.65367,2.650605,-0.06651457,-0.04000258,0.9744243,0.17635,-0.1334088,-0.02840994,0.002747864,-0.03208069,-0.09197998,0.006576538,0.9957275,0.03382471,0.003268982,-0.03084062,0.03382471,0.003268982,-0.03084062,-0.06201172,0.01112366,0.9980011,-0.06201172,0.01112366,0.9980011,2.747528,2.747528,True,True,True
2188298,63780534824583,-13.65367,2.650605,-0.06651457,-0.04000258,0.9744243,0.17635,-0.1334088,-0.02868916,0.002691788,-0.03187608,-0.03414917,0.04547119,0.9983673,0.03356606,0.003358338,-0.03087882,0.03356606,0.003358338,-0.03087882,-0.01747131,0.008560181,0.9998016,-0.01747131,0.008560181,0.9998016,2.725723,2.725723,True,True,True
2188307,63780534824583,-13.65367,2.650605,-0.06651457,-0.04000258,0.9744243,0.17635,-0.1334088,-0.02914354,0.002685669,-0.03179698,-0.003662109,0.06350708,0.9979706,0.03330754,0.003357544,-0.03071675,0.03330754,0.003357544,-0.03071675,0.02815247,0.02619934,0.9992523,0.02815247,0.02619934,0.9992523,2.682251,2.682251,True,True,True
2188315,63780534824583,-13.65367,2.650605,-0.06651457,-0.04000258,0.9744243,0.17635,-0.1334088,-0.03062357,0.002679016,-0.03174721,0.01937866,0.07200623,0.9972076,0.0331004,0.003411057,-0.03070915,0.0331004,0.003411057,-0.03070915,0.05361938,0.04032898,0.9977417,0.05361938,0.04032898,0.9977417,2.814865,2.814865,True,True,True
2188323,63780534824583,-13.65367,2.650605,-0.06651457,-0.04000258,0.9744243,0.17635,-0.1334088,-0.02695178,0.002647568,-0.03141386,0.03541565,0.074646,0.9965668,0.03300208,0.003459946,-0.03077861,0.03300208,0.003459946,-0.03077861,0.06723022,0.0426178,0.9968109,0.06723022,0.0426178,0.9968109,2.694061,2.694061,True,True,True
2188332,63780534824583,-13.65367,2.650605,-0.06651457,-0.04000258,0.9744243,0.17635,-0.1334088,-0.02448631,0.002643387,-0.03128861,0.03138733,0.07417297,0.9967499,0.03304318,0.003342896,-0.03047197,0.03304318,0.003342896,-0.03047197,0.06736755,0.04852295,0.9965363,0.06736755,0.04852295,0.9965363,2.799194,2.799194,True,True,True
2188340,63780534824583,-13.65367,2.650605,-0.06651457,-0.04000258,0.9744243,0.17635,-0.1334088,-0.01628362,0.002747147,-0.03118663,0.03555298,0.07194519,0.9967651,0.03305829,0.003355972,-0.03053099,0.03305829,0.003355972,-0.03053099,0.07012939,0.04571533,0.9964752,0.07012939,0.04571533,0.9964752,2.740128,2.740128,True,True,True
2188348,63780534824583,-13.65367,2.650605,-0.06651457,-0.04000258,0.9744243,0.17635,-0.1334088,0.007441437,0.003013229,-0.03078206,0.0566864,0.05834961,0.9966736,0.03306957,0.003313141,-0.03039377,0.03306957,0.003313141,-0.03039377,0.070755,0.04721069,0.9963684,0.070755,0.04721069,0.9963684,2.813507,2.813507,True,True,True
2188357,63780534824583,-13.65367,2.650605,-0.06651457,-0.04000258,0.9744243,0.17635,-0.1334088,0.02810767,0.003271668,-0.0305007,0.06263733,0.05264282,0.9966431,0.03306706,0.003332092,-0.0304316,0.03306706,0.003332092,-0.0304316,0.06504822,0.05062866,0.996582,0.06504822,0.05062866,0.996582,2.909088,2.909088,True,True,True
2188365,63780534824583,-13.65367,2.650605,-0.06651457,-0.04000258,0.9744243,0.17635,-0.1334088,0.03160311,0.003342484,-0.03051175,0.05964661,0.04374695,0.9972534,0.03306625,0.003360977,-0.03049317,0.03306625,0.003360977,-0.03049317,0.0602417,0.0430603,0.9972534,0.0602417,0.0430603,0.9972534,2.827698,2.827698,True,True,True
2188373,63780534824583,-13.65367,2.650605,-0.06651457,-0.04000258,0.9744243,0.17635,-0.1334088,0.0265907,0.00328981,-0.03058862,0.06596375,0.04745483,0.9966888,0.033069,0.003369782,-0.03049925,0.033069,0.003369782,-0.03049925,0.07025146,0.04388428,0.9965515,0.07025146,0.04388428,0.9965515,2.780273,2.780273,True,True,True
2188382,63780534824583,-13.65367,2.650605,-0.06651457,-0.04000258,0.9744243,0.17635,-0.1334088,0.01899606,0.003202576,-0.03070282,0.06269836,0.05593872,0.99646,0.03306748,0.003370423,-0.03048905,0.03306748,0.003370423,-0.03048905,0.07090759,0.04988098,0.9962311,0.07090759,0.04988098,0.9962311,2.832794,2.832794,True,True,True
2188390,63780534824583,-13.65367,2.650605,-0.06651457,-0.04000258,0.9744243,0.17635,-0.1334088,0.01020631,0.003093384,-0.03082912,0.05778503,0.05653381,0.9967194,0.03306728,0.003362854,-0.03046788,0.03306728,0.003362854,-0.03046788,0.07250977,0.04525757,0.9963379,0.07250977,0.04525757,0.9963379,2.810822,2.810822,True,True,True
2188398,63780534824583,-13.65367,2.650605,-0.06651457,-0.04000258,0.9744243,0.17635,-0.1334088,0.008107041,0.003071869,-0.03087453,0.05418396,0.05830383,0.9968262,0.03306708,0.003370423,-0.03048905,0.03306708,0.003370423,-0.03048905,0.07078552,0.04595947,0.9964294,0.07078552,0.04595947,0.9964294,2.827164,2.827164,True,True,True
2188407,63780534824583,-13.65367,2.650605,-0.06651457,-0.04000258,0.9744243,0.17635,-0.1334088,0.01668057,0.003184159,-0.03081383,0.05885315,0.05830383,0.9965515,0.0330507,0.003383011,-0.03058363,0.0330507,0.003383011,-0.03058363,0.06944275,0.05149841,0.9962463,0.06944275,0.05149841,0.9962463,2.938599,2.938599,True,True,True
2188415,63780534824583,-13.65367,2.650605,-0.06651457,-0.04000258,0.9744243,0.17635,-0.1334088,0.01890058,0.003186096,-0.03070729,0.06039429,0.04911804,0.9969635,0.03305124,0.003351715,-0.03048398,0.03305124,0.003351715,-0.03048398,0.06924438,0.04064941,0.9967651,0.06924438,0.04064941,0.9967651,2.861206,2.861206,True,True,True
2188423,63780534824583,-13.65367,2.650605,-0.06651457,-0.04000258,0.9744243,0.17635,-0.1334088,0.01952826,0.003179535,-0.03066649,0.05830383,0.0581665,0.9965973,0.03305067,0.003333878,-0.03044147,0.03305067,0.003333878,-0.03044147,0.06575012,0.0524292,0.9964447,0.06575012,0.0524292,0.9964447,2.915436,2.915436,True,True,True
2188432,63780534824583,-13.65367,2.650605,-0.06651457,-0.04000258,0.9744243,0.17635,-0.1334088,0.0195762,0.003179794,-0.0306678,0.06060791,0.05348206,0.9967194,0.03304651,0.003333603,-0.03044353,0.03304651,0.003333603,-0.03044353,0.06861877,0.04679871,0.9965363,0.06861877,0.04679871,0.9965363,2.882736,2.882736,True,True,True
2188440,63780534824583,-13.65367,2.650605,-0.06651457,-0.04000258,0.9744243,0.17635,-0.1334088,0.01422557,0.003098435,-0.03072505,0.05207825,0.04431152,0.9976501,0.03303317,0.003316193,-0.03041268,0.03303317,0.003316193,-0.03041268,0.06626892,0.03509521,0.9971771,0.06626892,0.03509521,0.9971771,2.818237,2.818237,True,True,True
2188448,63780534824583,-13.65367,2.650605,-0.06651457,-0.04000258,0.9744243,0.17635,-0.1334088,0.01057852,0.003050171,-0.03079761,0.05195618,0.0513916,0.9973145,0.0330235,0.003321915,-0.03046703,0.0330235,0.003321915,-0.03046703,0.06498718,0.0435791,0.996933,0.06498718,0.0435791,0.996933,2.829102,2.829102,True,True,True
2188457,63780534824583,-13.65367,2.650605,-0.06651457,-0.04000258,0.9744243,0.17635,-0.1334088,0.01063702,0.003045029,-0.03080654,0.05204773,0.04814148,0.9974823,0.03302176,0.003318115,-0.0304828,0.03302176,0.003318115,-0.0304828,0.0644989,0.04191589,0.9970245,0.0644989,0.04191589,0.9970245,2.84462,2.84462,True,True,True
2188465,63780534824583,-13.65367,2.650605,-0.06651457,-0.04000258,0.9744243,0.17635,-0.1334088,0.01230585,0.003049469,-0.03075913,0.05049133,0.04281616,0.9978027,0.03302155,0.003301102,-0.03046089,0.03302155,0.003301102,-0.03046089,0.06100464,0.03704834,0.9974365,0.06100464,0.03704834,0.9974365,2.803024,2.803024,True,True,True
2188473,63780534824583,-13.65367,2.650605,-0.06651457,-0.04000258,0.9744243,0.17635,-0.1334088,0.01239554,0.003043656,-0.03077625,0.05082703,0.04690552,0.9976044,0.03302316,0.003288315,-0.03045908,0.03302316,0.003288315,-0.03045908,0.06182861,0.04232788,0.9971771,0.06182861,0.04232788,0.9971771,2.807068,2.807068,True,True,True
2188482,63780534824583,-13.65367,2.650605,-0.06651457,-0.04000258,0.9744243,0.17635,-0.1334088,0.013804,0.003060669,-0.03078125,0.05104065,0.0426178,0.9977722,0.03302724,0.003280152,-0.03046311,0.03302724,0.003280152,-0.03046311,0.05909729,0.03898621,0.9974823,0.05909729,0.03898621,0.9974823,2.823715,2.823715,True,True,True
2188490,63780534824583,-13.65367,2.650605,-0.06651457,-0.04000258,0.9744243,0.17635,-0.1334088,0.0173263,0.00309169,-0.03073596,0.04508972,0.04115295,0.9981232,0.0330379,0.003267517,-0.03047458,0.0330379,0.003267517,-0.03047458,0.04940796,0.03797913,0.9980469,0.04940796,0.03797913,0.9980469,2.913376,2.913376,True,True,True
2188498,63780534824583,-13.65367,2.650605,-0.06651457,-0.04000258,0.9744243,0.17635,-0.1334088,0.01879907,0.003091812,-0.03069798,0.04911804,0.03608704,0.9981384,0.03304901,0.003246216,-0.03045252,0.03304901,0.003246216,-0.03045252,0.05406189,0.03193665,0.9980164,0.05406189,0.03193665,0.9980164,2.823593,2.823593,True,True,True
2188507,63780534824583,-13.65367,2.650605,-0.06651457,-0.04000258,0.9744243,0.17635,-0.1334088,0.0190267,0.003059662,-0.03061719,0.04530334,0.03865051,0.9982147,0.03306526,0.003202667,-0.03034374,0.03306526,0.003202667,-0.03034374,0.04978943,0.03636169,0.9980927,0.04978943,0.03636169,0.9980927,2.907211,2.907211,True,True,True
2188515,63780534824583,-13.65367,2.650605,-0.06651457,-0.04000258,0.9744243,0.17635,-0.1334088,0.01457578,0.002979019,-0.03061299,0.04380798,0.03596497,0.9983826,0.03307935,0.003155243,-0.03020911,0.03307935,0.003155243,-0.03020911,0.05316162,0.03334045,0.9980164,0.05316162,0.03334045,0.9980164,2.854095,2.854095,True,True,True
2188523,63780534824583,-13.65367,2.650605,-0.06651457,-0.04000258,0.9744243,0.17635,-0.1334088,-0.005844773,0.002737335,-0.03094525,0.0402832,0.03681946,0.9985046,0.03310057,0.003099213,-0.03006555,0.03310057,0.003099213,-0.03006555,0.06134033,0.02856445,0.9976959,0.06134033,0.02856445,0.9976959,2.786621,2.786621,True,True,True
2188532,63780534824583,-13.65367,2.650605,-0.06651457,-0.04000258,0.9744243,0.17635,-0.1334088,-0.02442848,0.002531448,-0.03129576,0.02055359,0.04182434,0.9989014,0.03312346,0.003061859,-0.02997807,0.03312346,0.003061859,-0.02997807,0.0528717,0.03594971,0.9979401,0.0528717,0.03594971,0.9979401,2.913162,2.913162,True,True,True
2188540,63780534824583,-13.65367,2.650605,-0.06651457,-0.04000258,0.9744243,0.17635,-0.1334088,-0.02882411,0.002452469,-0.03131095,0.01887512,0.03749084,0.999115,0.03314179,0.003062897,-0.03001599,0.03314179,0.003062897,-0.03001599,0.05023193,0.03157043,0.99823,0.05023193,0.03157043,0.99823,2.792877,2.792877,True,True,True
2188548,63780534824583,-13.65367,2.650605,-0.06651457,-0.04000258,0.9744243,0.17635,-0.1334088,-0.02833417,0.002438675,-0.03126677,0.02246094,0.03727722,0.9990387,0.03315615,0.003078873,-0.03010242,0.03315615,0.003078873,-0.03010242,0.0461731,0.03193665,0.9984131,0.0461731,0.03193665,0.9984131,2.875092,2.875092,True,True,True
2188557,63780534824583,-13.65367,2.650605,-0.06651457,-0.04000258,0.9744243,0.17635,-0.1334088,-0.02204387,0.002493668,-0.03113771,0.02622986,0.03091431,0.999176,0.03316664,0.00307547,-0.03013326,0.03316664,0.00307547,-0.03013326,0.0486145,0.02833557,0.9984131,0.0486145,0.02833557,0.9984131,2.745346,2.745346,True,True,True
2188565,63780534824583,-13.65367,2.650605,-0.06651457,-0.04000258,0.9744243,0.17635,-0.1334088,-0.007032013,0.002662842,-0.03092002,0.02294922,0.03167725,0.9992218,0.0331749,0.003090332,-0.03021472,0.0331749,0.003090332,-0.03021472,0.03494263,0.03399658,0.9988098,0.03494263,0.03399658,0.9988098,2.831818,2.831818,True,True,True
2188573,63780534824583,-13.65367,2.650605,-0.06651457,-0.04000258,0.9744243,0.17635,-0.1334088,0.002541824,0.002793488,-0.03080072,0.04927063,0.03271484,0.9982452,0.03302408,0.003101776,-0.03021202,0.03302408,0.003101776,-0.03021202,0.05441284,0.03527832,0.997879,0.05441284,0.03527832,0.997879,2.82193,2.82193,True,True,True
2188582,63780534824583,-13.65367,2.650605,-0.06651457,-0.04000258,0.9744243,0.17635,-0.1334088,0.02512419,0.003185318,-0.03072934,0.1223907,0.04174805,0.9915924,0.03274593,0.003246521,-0.03054021,0.03274593,0.003246521,-0.03054021,0.1256561,0.04284668,0.9911346,0.1256561,0.04284668,0.9911346,2.904144,2.904144,True,True,True
2188590,63780534824583,-13.65367,2.650605,-0.06651457,-0.04000258,0.9744243,0.17635,-0.1334088,0.03236116,0.003428253,-0.03071091,0.1714935,0.03892517,0.9844055,0.03236122,0.003428253,-0.03071091,0.03236122,0.003428253,-0.03071091,0.1714935,0.03892517,0.9844055,0.1714935,0.03892517,0.9844055,2.832581,2.832581,True,True,True
2188598,63780534824583,-13.65367,2.650605,-0.06651457,-0.04000258,0.9744243,0.17635,-0.1334088,0.032004,0.003480057,-0.03072969,0.2069244,0.07884216,0.9751587,0.03200432,0.003480057,-0.03072968,0.03200432,0.003480057,-0.03072968,0.2069244,0.07884216,0.9751587,0.2069244,0.07884216,0.9751587,2.968369,2.968369,True,True,True
2188607,63780534824583,-13.65367,2.650605,-0.06651457,-0.04000258,0.9744243,0.17635,-0.1334088,0.0317726,0.003515213,-0.03077413,0.2347565,0.07206726,0.9693604,0.03177428,0.003515244,-0.03077409,0.03177428,0.003515244,-0.03077409,0.2347565,0.07206726,0.9693604,0.2347565,0.07206726,0.9693604,2.820221,2.820221,True,True,True
2188615,63780534824583,-13.65367,2.650605,-0.06651457,-0.04000258,0.9744243,0.17635,-0.1334088,0.03169016,0.003536301,-0.03081493,0.2733917,0.07284546,0.9591217,0.03169632,0.003536377,-0.03081482,0.03169632,0.003536377,-0.03081482,0.2733917,0.07284546,0.9591217,0.2733917,0.07284546,0.9591217,2.924759,2.924759,True,True,True
2188623,63780534824583,-13.65367,2.650605,-0.06651457,-0.04000258,0.9744243,0.17635,-0.1334088,0.031689,0.003534699,-0.03081076,0.2674713,0.07667542,0.960495,0.03170699,0.003534912,-0.03081044,0.03170699,0.003534912,-0.03081044,0.2674713,0.07666016,0.960495,0.2674713,0.07666016,0.960495,2.948013,2.948013,True,True,True
2188632,63780534824583,-13.65367,2.650605,-0.06651457,-0.04000258,0.9744243,0.17635,-0.1334088,0.03171744,0.003510285,-0.03080513,0.2539825,0.08239746,0.9636841,0.03173235,0.003510468,-0.03080486,0.03173235,0.003510468,-0.03080486,0.2539825,0.08239746,0.9636841,0.2539825,0.08239746,0.9636841,2.838928,2.838928,True,True,True
2188640,63780534824583,-13.65367,2.650605,-0.06651457,-0.04000258,0.9744243,0.17635,-0.1334088,0.03177261,0.003495636,-0.03078362,0.2422943,0.08735657,0.9662476,0.03177985,0.003495713,-0.03078349,0.03177985,0.003495713,-0.03078349,0.2422943,0.08735657,0.9662476,0.2422943,0.08735657,0.9662476,2.830002,2.830002,True,True,True
2188648,63780534824583,-13.65367,2.650605,-0.06651457,-0.04000258,0.9744243,0.17635,-0.1334088,0.0317941,0.003484604,-0.03078281,0.2461395,0.08532715,0.9654694,0.03179611,0.003484619,-0.03078276,0.03179611,0.003484619,-0.03078276,0.2461395,0.08532715,0.9654694,0.2461395,0.08532715,0.9654694,2.753906,2.753906,True,True,True
2188657,63780534824583,-13.65367,2.650605,-0.06651457,-0.04000258,0.9744243,0.17635,-0.1334088,0.03181616,0.003465775,-0.03076852,0.2361603,0.08045959,0.9683685,0.03181653,0.003465775,-0.03076851,0.03181653,0.003465775,-0.03076851,0.2361603,0.08045959,0.9683685,0.2361603,0.08045959,0.9683685,2.777008,2.777008,True,True,True
2188665,63780534824583,-13.65367,2.650605,-0.06651457,-0.04000258,0.9744243,0.17635,-0.1334088,0.03183583,0.003460129,-0.03077245,0.2413177,0.08331299,0.9668579,0.03183601,0.003460129,-0.03077245,0.03183601,0.003460129,-0.03077245,0.2413177,0.08331299,0.9668579,0.2413177,0.08331299,0.9668579,2.789215,2.789215,True,True,True
2188673,63780534824583,-13.65367,2.650605,-0.06651457,-0.04000258,0.9744243,0.17635,-0.1334088,0.006535294,0.003167374,-0.03123528,0.2427063,0.07855225,0.9669037,0.03185951,0.00345282,-0.03076531,0.03185951,0.00345282,-0.03076531,0.245285,0.076828,0.9663849,0.245285,0.076828,0.9663849,2.841858,2.841858,True,True,True
2188682,63780534824583,-13.65367,2.650605,-0.06651457,-0.04000258,0.9744243,0.17635,-0.1334088,0.006958863,0.003173676,-0.03122437,0.2360992,0.08010864,0.9684143,0.03187491,0.003455948,-0.03076062,0.03187491,0.003455948,-0.03076062,0.2365112,0.07987976,0.9683228,0.2365112,0.07987976,0.9683228,2.773163,2.773163,True,True,True
2188690,63780534824583,-13.65367,2.650605,-0.06651457,-0.04000258,0.9744243,0.17635,-0.1334088,0.006424622,0.003172318,-0.03122684,0.2323456,0.07556152,0.9696808,0.0318898,0.003463532,-0.03074875,0.0318898,0.003463532,-0.03074875,0.2323608,0.07318115,0.9698639,0.2323608,0.07318115,0.9698639,2.785492,2.785492,True,True,True
2188698,63780534824583,-13.65367,2.650605,-0.06651457,-0.04000258,0.9744243,0.17635,-0.1334088,0.00642305,0.003173203,-0.0312255,0.2334442,0.07929993,0.9691162,0.03191919,0.003465195,-0.03074654,0.03191919,0.003465195,-0.03074654,0.234375,0.07943726,0.9688873,0.234375,0.07943726,0.9688873,2.889008,2.889008,True,True,True
2188707,63780534824583,-13.65367,2.650605,-0.06651457,-0.04000258,0.9744243,0.17635,-0.1334088,0.006788987,0.00318161,-0.03121672,0.2321472,0.08216858,0.9691925,0.0319383,0.003466385,-0.03074437,0.0319383,0.003466385,-0.03074437,0.2359161,0.07862854,0.9685822,0.2359161,0.07862854,0.9685822,2.964554,2.964554,True,True,True
2188715,63780534824583,-13.65367,2.650605,-0.06651457,-0.04000258,0.9744243,0.17635,-0.1334088,0.00736023,0.003190949,-0.03119864,0.2274628,0.07621765,0.9707947,0.03195377,0.003467865,-0.0307403,0.03195377,0.003467865,-0.0307403,0.2314606,0.07754517,0.9697418,0.2314606,0.07754517,0.9697418,2.927917,2.927917,True,True,True
2188723,63780534824583,-13.65367,2.650605,-0.06651457,-0.04000258,0.9744243,0.17635,-0.1334088,0.007511902,0.003200226,-0.03119261,0.223587,0.07463074,0.971817,0.03196401,0.003472443,-0.03073378,0.03196401,0.003472443,-0.03073378,0.226944,0.07298279,0.9711609,0.226944,0.07298279,0.9711609,2.914932,2.914932,True,True,True
2188732,63780534824583,-13.65367,2.650605,-0.06651457,-0.04000258,0.9744243,0.17635,-0.1334088,0.007972916,0.003213394,-0.03119116,0.2316742,0.08042908,0.9694519,0.03199014,0.003479523,-0.03074124,0.03199014,0.003479523,-0.03074124,0.2375336,0.07910156,0.9681396,0.2375336,0.07910156,0.9681396,2.961121,2.961121,True,True,True
2188740,63780534824583,-13.65367,2.650605,-0.06651457,-0.04000258,0.9744243,0.17635,-0.1334088,0.008347611,0.003222092,-0.0311832,0.2282562,0.08364868,0.969986,0.03200438,0.003482163,-0.0307414,0.03200438,0.003482163,-0.0307414,0.2360687,0.08396912,0.9680939,0.2360687,0.08396912,0.9680939,2.947113,2.947113,True,True,True
2188748,63780534824583,-13.65367,2.650605,-0.06651457,-0.04000258,0.9744243,0.17635,-0.1334088,0.009057374,0.003232346,-0.03117191,0.2293701,0.08508301,0.9696045,0.03201047,0.003481598,-0.03074315,0.03201047,0.003481598,-0.03074315,0.2366638,0.08561707,0.967804,0.2366638,0.08561707,0.967804,2.927795,2.927795,True,True,True
2188757,63780534824583,-13.65367,2.650605,-0.06651457,-0.04000258,0.9744243,0.17635,-0.1334088,0.00930922,0.003235901,-0.03116736,0.2305145,0.08435059,0.9693909,0.03201657,0.003481568,-0.03074306,0.03201657,0.003481568,-0.03074306,0.2383118,0.08439636,0.9674988,0.2383118,0.08439636,0.9674988,2.947891,2.947891,True,True,True
2188765,63780534824583,-13.65367,2.650605,-0.06651457,-0.04000258,0.9744243,0.17635,-0.1334088,0.009526886,0.003239105,-0.03116295,0.2311096,0.0826416,0.9694061,0.03202164,0.003481598,-0.03074224,0.03202164,0.003481598,-0.03074224,0.2390747,0.08192444,0.9675293,0.2390747,0.08192444,0.9675293,2.926956,2.926956,True,True,True
2188773,63780534824583,-13.65367,2.650605,-0.06651457,-0.04000258,0.9744243,0.17635,-0.1334088,0.00950792,0.003240036,-0.03116327,0.2311401,0.08331299,0.9693298,0.0320267,0.003481629,-0.03074225,0.0320267,0.003481629,-0.03074225,0.2402496,0.08355713,0.9671021,0.2402496,0.08355713,0.9671021,2.948029,2.948029,True,True,True
2188782,63780534824583,-13.65367,2.650605,-0.06651457,-0.04000258,0.9744243,0.17635,-0.1334088,0.009453369,0.003240753,-0.03116391,0.2294159,0.08195496,0.9698639,0.03202884,0.003481903,-0.03074182,0.03202884,0.003481903,-0.03074182,0.2386932,0.081604,0.9676514,0.2386932,0.081604,0.9676514,2.955673,2.955673,True,True,True
2188790,63780534824583,-13.65367,2.650605,-0.06651457,-0.04000258,0.9744243,0.17635,-0.1334088,0.009441865,0.003241623,-0.03116402,0.2288055,0.08387756,0.9698334,0.03203096,0.003482163,-0.0307414,0.03203096,0.003482163,-0.0307414,0.2371826,0.08331299,0.9678802,0.2371826,0.08331299,0.9678802,2.965256,2.965256,True,True,True
2188798,63780534824583,-13.65367,2.650605,-0.06651457,-0.04000258,0.9744243,0.17635,-0.1334088,0.009289292,0.003241638,-0.03116698,0.2289124,0.08470154,0.9697418,0.03203319,0.003483383,-0.0307413,0.03203319,0.003483383,-0.0307413,0.2376404,0.08338928,0.9677582,0.2376404,0.08338928,0.9677582,2.960632,2.960632,True,True,True
2188807,63780534824583,-13.65367,2.650605,-0.06651457,-0.04000258,0.9744243,0.17635,-0.1334088,0.009154252,0.003241516,-0.03116956,0.2293396,0.08329773,0.9697723,0.03203542,0.003484589,-0.03074123,0.03203542,0.003484589,-0.03074123,0.2380981,0.08270264,0.9676971,0.2380981,0.08270264,0.9676971,2.955612,2.955612,True,True,True
2188815,63780534824583,-13.65367,2.650605,-0.06651457,-0.04000258,0.9744243,0.17635,-0.1334088,0.008978913,0.003240906,-0.03117207,0.2292328,0.08406067,0.9697266,0.03203838,0.003485703,-0.03073991,0.03203838,0.003485703,-0.03073991,0.2377014,0.08274841,0.9677887,0.2377014,0.08274841,0.9677887,2.960327,2.960327,True,True,True
2188823,63780534824583,-13.65367,2.650605,-0.06651457,-0.04000258,0.9744243,0.17635,-0.1334088,0.008872589,0.003240708,-0.03117358,0.228775,0.08381653,0.9698486,0.03204135,0.003486801,-0.0307386,0.03204135,0.003486801,-0.0307386,0.2373199,0.08200073,0.9679565,0.2373199,0.08200073,0.9679565,2.964539,2.964539,True,True,True
2188832,63780534824583,-13.65367,2.650605,-0.06651457,-0.04000258,0.9744243,0.17635,-0.1334088,0.008867798,0.00324202,-0.03117383,0.2289581,0.08409119,0.9697876,0.03204253,0.003488526,-0.03073833,0.03204253,0.003488526,-0.03073833,0.2377319,0.08206177,0.9678497,0.2377319,0.08206177,0.9678497,2.971664,2.971664,True,True,True
2188840,63780534824583,-13.65367,2.650605,-0.06651457,-0.04000258,0.9744243,0.17635,-0.1334088,0.008822235,0.003242767,-0.03117488,0.228775,0.08358765,0.9698792,0.03204135,0.003490265,-0.03073805,0.03204135,0.003490265,-0.03073805,0.2375641,0.08120728,0.9679565,0.2375641,0.08120728,0.9679565,2.978302,2.978302,True,True,True
2188848,63780534824583,-13.65367,2.650605,-0.06651457,-0.04000258,0.9744243,0.17635,-0.1334088,0.00881163,0.003242905,-0.03117522,0.2284088,0.08374023,0.9699554,0.03203963,0.003490494,-0.03073775,0.03203963,0.003490494,-0.03073775,0.2370605,0.08151245,0.9680634,0.2370605,0.08151245,0.9680634,2.974564,2.974564,True,True,True
2188857,63780534824583,-13.65367,2.650605,-0.06651457,-0.04000258,0.9744243,0.17635,-0.1334088,0.008663193,0.003241532,-0.03117792,0.2279053,0.08387756,0.970047,0.03203792,0.003490723,-0.03073743,0.03203792,0.003490723,-0.03073743,0.2365417,0.08172607,0.9681702,0.2365417,0.08172607,0.9681702,2.970703,2.970703,True,True,True
2188865,63780534824583,-13.65367,2.650605,-0.06651457,-0.04000258,0.9744243,0.17635,-0.1334088,0.008686478,0.003241913,-0.03117746,0.2278595,0.08338928,0.970108,0.03203792,0.00349086,-0.03073721,0.03203792,0.00349086,-0.03073721,0.2366028,0.08094788,0.9682159,0.2366028,0.08094788,0.9682159,2.975479,2.975479,True,True,True
2188873,63780534824583,-13.65367,2.650605,-0.06651457,-0.04000258,0.9744243,0.17635,-0.1334088,0.008699113,0.00324318,-0.03117768,0.2278595,0.0831604,0.9701233,0.03203792,0.003492447,-0.03073668,0.03203792,0.003492447,-0.03073668,0.2366028,0.08052063,0.9682465,0.2366028,0.08052063,0.9682465,2.97525,2.97525,True,True,True
2188882,63780534824583,-13.65367,2.650605,-0.06651457,-0.04000258,0.9744243,0.17635,-0.1334088,0.009122071,0.003249619,-0.03116995,0.2280121,0.08328247,0.9700775,0.03203792,0.003495361,-0.03073618,0.03203792,0.003495361,-0.03073618,0.2366028,0.08053589,0.9682465,0.2366028,0.08053589,0.9682465,2.97522,2.97522,True,True,True
2188890,63780534824583,-13.65367,2.650605,-0.06651457,-0.04000258,0.9744243,0.17635,-0.1334088,0.009158951,0.003250305,-0.0311693,0.2280273,0.08338928,0.9700623,0.03203792,0.003495804,-0.03073618,0.03203792,0.003495804,-0.03073618,0.2366943,0.08039856,0.9682465,0.2366943,0.08039856,0.9682465,2.975311,2.975311,True,True,True
2188898,63780534824583,-13.65367,2.650605,-0.06651457,-0.04000258,0.9744243,0.17635,-0.1334088,0.009193802,0.003250702,-0.0311687,0.2277679,0.0834198,0.9701233,0.03203792,0.003495804,-0.03073618,0.03203792,0.003495804,-0.03073618,0.2366943,0.08044434,0.9682312,0.2366943,0.08044434,0.9682312,2.975037,2.975037,True,True,True
2188907,63780534824583,-13.65367,2.650605,-0.06651457,-0.04000258,0.9744243,0.17635,-0.1334088,0.009188264,0.003250702,-0.03116873,0.2271729,0.08319092,0.9702911,0.0320347,0.003495804,-0.03073618,0.0320347,0.003495804,-0.03073618,0.2367859,0.08049011,0.9682159,0.2367859,0.08049011,0.9682159,2.975159,2.975159,True,True,True
2188915,63780534824583,-13.65367,2.650605,-0.06651457,-0.04000258,0.9744243,0.17635,-0.1334088,0.00915918,0.003250351,-0.03116921,0.2259521,0.08302307,0.9705811,0.03202907,0.003495804,-0.03073618,0.03202907,0.003495804,-0.03073618,0.2353973,0.0803833,0.9685669,0.2353973,0.0803833,0.9685669,2.974823,2.974823,True,True,True
2188923,63780534824583,-13.65367,2.650605,-0.06651457,-0.04000258,0.9744243,0.17635,-0.1334088,0.009128601,0.00325,-0.03116971,0.2259827,0.08302307,0.9705811,0.03202455,0.003495804,-0.03073618,0.03202455,0.003495804,-0.03073618,0.2359314,0.08041382,0.9684296,0.2359314,0.08041382,0.9684296,2.974899,2.974899,True,True,True
2188932,63780534824583,-13.65367,2.650605,-0.06651457,-0.04000258,0.9744243,0.17635,-0.1334088,0.009100373,0.003249558,-0.0311706,0.226181,0.08311462,0.97052,0.03202039,0.003495804,-0.03073618,0.03202039,0.003495804,-0.03073618,0.2359009,0.08044434,0.9684296,0.2359009,0.08044434,0.9684296,2.974747,2.974747,True,True,True
2188940,63780534824583,-13.65367,2.650605,-0.06651457,-0.04000258,0.9744243,0.17635,-0.1334088,0.008679337,0.003206192,-0.03116792,0.2203522,0.0769043,0.9723816,0.03213694,0.003450363,-0.03071387,0.03213694,0.003450363,-0.03071387,0.2315521,0.07252502,0.970108,0.2315521,0.07252502,0.970108,3.020325,3.020325,True,True,True
2188948,63780534824583,-13.65367,2.650605,-0.06651457,-0.04000258,0.9744243,0.17635,-0.1334088,0.0324077,0.003464752,-0.03091875,0.1595154,0.04956055,0.9859467,0.03240805,0.003464752,-0.03091873,0.03240805,0.003464752,-0.03091873,0.1595154,0.04956055,0.9859467,0.1595154,0.04956055,0.9859467,3.015259,3.015259,True,True,True
2188957,63780534824583,-13.65367,2.650605,-0.06651457,-0.04000258,0.9744243,0.17635,-0.1334088,0.03271837,0.003386795,-0.03100325,0.1059723,0.0308075,0.9938812,0.03271837,0.003386795,-0.03100325,0.03271837,0.003386795,-0.03100325,0.1059723,0.0308075,0.9938812,0.1059723,0.0308075,0.9938812,2.893005,2.893005,True,True,True
2188965,63780534824583,-13.65367,2.650605,-0.06651457,-0.04000258,0.9744243,0.17635,-0.1334088,0.03304917,0.003132706,-0.03043714,0.05467224,0.03956604,0.9977112,0.03304918,0.003132706,-0.03043714,0.03304918,0.003132706,-0.03043714,0.05467224,0.03956604,0.9977112,0.05467224,0.03956604,0.9977112,2.839752,2.839752,True,True,True
2188973,63780534824583,-13.65367,2.650605,-0.06651457,-0.04000258,0.9744243,0.17635,-0.1334088,0.03332071,0.003035568,-0.0305854,0.01774597,0.01783752,0.9996796,0.03332072,0.003035568,-0.0305854,0.03332072,0.003035568,-0.0305854,0.01774597,0.01783752,0.9996796,0.01774597,0.01783752,0.9996796,2.892776,2.892776,True,True,True
2188982,63780534824583,-13.65367,2.650605,-0.06651457,-0.04000258,0.9744243,0.17635,-0.1334088,0.03351541,0.002993439,-0.03077962,-0.03494263,-0.03591919,0.9987335,0.03351541,0.002993439,-0.03077962,0.03351541,0.002993439,-0.03077962,-0.03494263,-0.03591919,0.9987335,-0.03494263,-0.03591919,0.9987335,2.799744,2.799744,True,True,True
2188990,63780534824583,-13.65367,2.650605,-0.06651457,-0.04000258,0.9744243,0.17635,-0.1334088,0.03371492,0.003174408,-0.03187549,-0.06387329,-0.06771851,0.9956512,0.03371594,0.003174423,-0.03187548,0.03371594,0.003174423,-0.03187548,-0.06387329,-0.06771851,0.9956512,-0.06387329,-0.06771851,0.9956512,2.861923,2.861923,True,True,True
2188998,63780534824583,-13.65367,2.650605,-0.06651457,-0.04000258,0.9744243,0.17635,-0.1334088,0.0338598,0.003059403,-0.03202744,-0.09928894,-0.1088104,0.98909,0.03389119,0.003059738,-0.03202707,0.03389119,0.003059738,-0.03202707,-0.09928894,-0.1088104,0.9890747,-0.09928894,-0.1088104,0.9890747,2.83342,2.83342,True,True,True
2189007,63780534824583,-13.65367,2.650605,-0.06651457,-0.04000258,0.9744243,0.17635,-0.1334088,0.03084285,0.002875321,-0.03206953,-0.1233673,-0.1114807,0.9860687,0.03409236,0.002916992,-0.03206078,0.03409236,0.002916992,-0.03206078,-0.1217804,-0.1119232,0.9862213,-0.1217804,-0.1119232,0.9862213,2.777542,2.777542,True,True,True
2189015,63780534824583,-13.65367,2.650605,-0.06651457,-0.04000258,0.9744243,0.17635,-0.1334088,0.03160071,0.002506653,-0.03111814,-0.1741333,-0.1371613,0.9751129,0.03424668,0.002529358,-0.03107205,0.03424668,0.002529358,-0.03107205,-0.1739197,-0.1387024,0.9749298,-0.1739197,-0.1387024,0.9749298,2.860489,2.860489,True,True,True
2189023,63780534824583,-13.65367,2.650605,-0.06651457,-0.04000258,0.9744243,0.17635,-0.1334088,0.03164314,0.002448425,-0.03099454,-0.1962128,-0.1531982,0.9685059,0.03432941,0.002471512,-0.03094179,0.03432941,0.002471512,-0.03094179,-0.1963654,-0.1550293,0.9681854,-0.1963654,-0.1550293,0.9681854,2.948288,2.948288,True,True,True
2189032,63780534824583,-13.65367,2.650605,-0.06651457,-0.04000258,0.9744243,0.17635,-0.1334088,-0.03125775,0.001897308,-0.03223274,-0.2100067,-0.1367798,0.9680786,0.03436984,0.002439545,-0.03097484,0.03436984,0.002439545,-0.03097484,-0.1847839,-0.1608276,0.9695129,-0.1847839,-0.1608276,0.9695129,2.956299,2.956299,True,True,True
2189040,63780534824583,-13.65367,2.650605,-0.06651457,-0.04000258,0.9744243,0.17635,-0.1334088,-0.03168137,0.001882721,-0.03223043,-0.2063446,-0.1439972,0.9678192,0.0343786,0.002437821,-0.03096671,0.0343786,0.002437821,-0.03096671,-0.1890869,-0.1623688,0.9684296,-0.1890869,-0.1623688,0.9684296,2.951035,2.951035,True,True,True
2189048,63780534824583,-13.65367,2.650605,-0.06651457,-0.04000258,0.9744243,0.17635,-0.1334088,-0.03170896,0.001879395,-0.03222901,-0.2072906,-0.1513214,0.9664917,0.03439701,0.002438507,-0.03096451,0.03439701,0.002438507,-0.03096451,-0.1883545,-0.1584473,0.969223,-0.1883545,-0.1584473,0.969223,2.885437,2.885437,True,True,True
2189057,63780534824583,-13.65367,2.650605,-0.06651457,-0.04000258,0.9744243,0.17635,-0.1334088,-0.03171462,0.001879028,-0.0322284,-0.2094879,-0.1441498,0.9671173,0.03441924,0.002441834,-0.0309597,0.03441924,0.002441834,-0.0309597,-0.1811676,-0.1627045,0.9698944,-0.1811676,-0.1627045,0.9698944,3.01889,3.01889,True,True,True
2189065,63780534824583,-13.65367,2.650605,-0.06651457,-0.04000258,0.9744243,0.17635,-0.1334088,-0.03171639,0.001880798,-0.03222777,-0.2068787,-0.1442261,0.9676666,0.03443549,0.002446915,-0.03096987,0.03443549,0.002446915,-0.03096987,-0.1934509,-0.1508179,0.9694366,-0.1934509,-0.1508179,0.9694366,3.000168,3.000168,True,True,True
2189073,63780534824583,-13.65367,2.650605,-0.06651457,-0.04000258,0.9744243,0.17635,-0.1334088,-0.03165894,0.001883087,-0.032226,-0.2042542,-0.1443329,0.9682007,0.03444408,0.002451325,-0.03096465,0.03444408,0.002451325,-0.03096465,-0.1927338,-0.1613312,0.9678955,-0.1927338,-0.1613312,0.9678955,2.90184,2.90184,True,True,True
2189082,63780534824583,-13.65367,2.650605,-0.06651457,-0.04000258,0.9744243,0.17635,-0.1334088,-0.03083866,0.001890533,-0.03220928,-0.1986084,-0.1454468,0.9692078,0.03445409,0.002452667,-0.03096456,0.03445409,0.002452667,-0.03096456,-0.1889343,-0.1654968,0.967926,-0.1889343,-0.1654968,0.967926,2.87796,2.87796,True,True,True
2189090,63780534952825,-14.51103,2.846541,-1.388415,0.04672332,0.9574587,-0.007074656,-0.2846751,0.00875351,0.002235214,-0.03146225,-0.1946259,-0.1500702,0.9693146,0.03446634,0.002458771,-0.03097769,0.03446634,0.002458771,-0.03097769,-0.1938934,-0.1526947,0.9690552,-0.1938934,-0.1526947,0.9690552,2.99028,2.99028,True,True,True
2189098,63780534952832,-14.52237,2.853785,-1.334341,0.002217372,0.971661,0.04487258,-0.23207,0.01237781,0.002271698,-0.03138667,-0.1934204,-0.1539459,0.9689484,0.0344704,0.002465042,-0.03096726,0.0344704,0.002465042,-0.03096726,-0.1921539,-0.1579132,0.9685669,-0.1921539,-0.1579132,0.9685669,3.006577,3.006577,True,True,True
2189107,63780534952841,-14.52241,2.853695,-1.334473,0.002134544,0.9719313,0.04436375,-0.2310347,0.0118792,0.002270477,-0.03138892,-0.1932983,-0.1572418,0.9684448,0.03447447,0.002468598,-0.03095683,0.03447447,0.002468598,-0.03095683,-0.1905212,-0.1625671,0.9681244,-0.1905212,-0.1625671,0.9681244,2.988678,2.988678,True,True,True
2189115,63780534952848,-14.52243,2.853679,-1.334655,0.002117351,0.9720782,0.04409976,-0.2304664,0.01179872,0.002270752,-0.0313899,-0.1934357,-0.1573944,0.968399,0.0344774,0.002469299,-0.03095731,0.0344774,0.002469299,-0.03095731,-0.1904755,-0.162796,0.9680939,-0.1904755,-0.162796,0.9680939,2.979156,2.979156,True,True,True
2189123,63780534952859,-14.5224,2.853541,-1.334816,0.002041437,0.9722282,0.04373838,-0.2299022,0.01204321,0.002273255,-0.03138468,-0.193512,-0.1573639,0.9683838,0.03448032,0.002469116,-0.03095778,0.03448032,0.002469116,-0.03095778,-0.1903992,-0.1626587,0.9681244,-0.1903992,-0.1626587,0.9681244,2.987717,2.987717,True,True,True
2189132,63780534952859,-14.5224,2.853541,-1.334816,0.002041437,0.9722282,0.04373838,-0.2299022,0.01200568,0.002272949,-0.03138553,-0.1934814,-0.1564026,0.9685516,0.03448312,0.002468857,-0.03095854,0.03448312,0.002468857,-0.03095854,-0.1897736,-0.1622162,0.9683228,-0.1897736,-0.1622162,0.9683228,2.978668,2.978668,True,True,True
2189140,63780534952870,-14.52238,2.853446,-1.334918,0.002153132,0.9723796,0.0433281,-0.2293381,0.01225682,0.002275162,-0.03138158,-0.1933746,-0.1554718,0.9687195,0.03448592,0.002468598,-0.03095932,0.03448592,0.002468598,-0.03095932,-0.1891022,-0.1617584,0.9685364,-0.1891022,-0.1617584,0.9685364,2.987503,2.987503,True,True,True
2189148,63780534952881,-14.52222,2.853353,-1.335105,0.002138764,0.9725602,0.0428683,-0.2286581,0.01275684,0.002279846,-0.03137209,-0.1937714,-0.1552277,0.9686737,0.03448828,0.002468857,-0.03095963,0.03448828,0.002468857,-0.03095963,-0.189743,-0.1612854,0.9684906,-0.189743,-0.1612854,0.9684906,2.987915,2.987915,True,True,True
2189157,63780534952892,-14.52223,2.85331,-1.335135,0.002145371,0.972737,0.04247199,-0.2279789,0.01283081,0.002280808,-0.0313705,-0.1942444,-0.1555328,0.9685364,0.03449065,0.002469116,-0.03095967,0.03449065,0.002469116,-0.03095967,-0.1903687,-0.1618042,0.968277,-0.1903687,-0.1618042,0.968277,2.987625,2.987625,True,True,True
2189165,63780534952892,-14.52223,2.85331,-1.335135,0.002145371,0.972737,0.04247199,-0.2279789,0.01295847,0.002282456,-0.03136807,-0.1940918,-0.1550446,0.9686432,0.03449291,0.002469559,-0.03095979,0.03449291,0.002469559,-0.03095979,-0.1899261,-0.161499,0.9684143,-0.1899261,-0.161499,0.9684143,2.98793,2.98793,True,True,True
2189173,63780534952903,-14.52225,2.853203,-1.335215,0.002039397,0.9729247,0.04213518,-0.22724,0.01295531,0.002282929,-0.03136801,-0.1943207,-0.1545868,0.9686737,0.03449516,0.002470017,-0.03095993,0.03449516,0.002470017,-0.03095993,-0.18927,-0.1611786,0.9685974,-0.18927,-0.1611786,0.9685974,2.988266,2.988266,True,True,True
2189182,63780534952914,-14.52219,2.85314,-1.335268,0.001997535,0.9730979,0.04198929,-0.2265245,0.01304529,0.002284012,-0.03136615,-0.193924,-0.1536407,0.9689026,0.03449721,0.002470337,-0.03095979,0.03449721,0.002470337,-0.03095979,-0.1885529,-0.1607208,0.968811,-0.1885529,-0.1607208,0.968811,2.988342,2.988342,True,True,True
2189190,63780534952926,-14.52214,2.853126,-1.335393,0.00202907,0.9732435,0.04188009,-0.2259179,0.01254178,0.002280136,-0.03137551,-0.1910553,-0.1526489,0.9696198,0.03449925,0.002470642,-0.03095967,0.03449925,0.002470642,-0.03095967,-0.1878357,-0.1603851,0.9690094,-0.1878357,-0.1603851,0.9690094,2.988174,2.988174,True,True,True
2189198,63780534952926,-14.52214,2.853126,-1.335393,0.00202907,0.9732435,0.04188009,-0.2259179,0.01293669,0.002283951,-0.03136783,-0.1888428,-0.152298,0.970108,0.03450142,0.002470978,-0.03095949,0.03450142,0.002470978,-0.03095949,-0.1863098,-0.1595154,0.9694366,-0.1863098,-0.1595154,0.9694366,2.988419,2.988419,True,True,True
2189207,63780534952937,-14.52213,2.853216,-1.33559,0.002158489,0.9734077,0.04180524,-0.2252225,0.01316399,0.002286576,-0.03136325,-0.1878662,-0.1511841,0.9704742,0.03450359,0.002471298,-0.03095932,0.03450359,0.002471298,-0.03095932,-0.1847839,-0.1585693,0.9698944,-0.1847839,-0.1585693,0.9698944,2.988373,2.988373,True,True,True
2189215,63780534952948,-14.52203,2.853161,-1.335801,0.002066857,0.9735509,0.04186023,-0.2245933,0.01309132,0.002287247,-0.03136452,-0.1878357,-0.1502228,0.9706421,0.03450644,0.002472549,-0.03095932,0.03450644,0.002472549,-0.03095932,-0.1839905,-0.1588898,0.969986,-0.1839905,-0.1588898,0.969986,3.017654,3.017654,True,True,True
2189223,63780534952959,-14.52204,2.85316,-1.335929,0.002172644,0.9736873,0.04196653,-0.2239804,0.01319214,0.002292831,-0.03136246,-0.1851654,-0.1509247,0.9710388,0.03450792,0.002476685,-0.03095967,0.03450792,0.002476685,-0.03095967,-0.1836243,-0.1595306,0.9699554,-0.1836243,-0.1595306,0.9699554,3.017319,3.017319,True,True,True
2189232,63780534952959,-14.52204,2.85316,-1.335929,0.002172644,0.9736873,0.04196653,-0.2239804,0.0133559,0.00229921,-0.03135934,-0.18573,-0.151413,0.9708557,0.03450849,0.002481049,-0.03095993,0.03450849,0.002481049,-0.03095993,-0.1834259,-0.1600494,0.9699097,-0.1834259,-0.1600494,0.9699097,3.040802,3.040802,True,True,True
2189240,63780534952970,-14.52199,2.853171,-1.336075,0.002138074,0.9738384,0.04200047,-0.2233165,0.01328774,0.002303619,-0.03136035,-0.1845245,-0.1498108,0.9713287,0.03450849,0.002484299,-0.03096037,0.03450849,0.002484299,-0.03096037,-0.181488,-0.1585846,0.97052,-0.181488,-0.1585846,0.97052,3.040726,3.040726,True,True,True
2189248,63780534952981,-14.52196,2.853174,-1.336189,0.00227204,0.9739603,0.0420172,-0.2227796,0.01297902,0.002303955,-0.03136432,-0.1849518,-0.1478577,0.9715576,0.03450849,0.002485367,-0.0309606,0.03450849,0.002485367,-0.0309606,-0.1807861,-0.1587524,0.9706116,-0.1807861,-0.1587524,0.9706116,3.062134,3.062134,True,True,True
2189257,63780534952992,-14.52189,2.853134,-1.336385,0.00223898,0.974085,0.04198492,-0.2222404,0.01290314,0.00230484,-0.03136463,-0.1798401,-0.1452789,0.9729004,0.03450849,0.00248616,-0.03096103,0.03450849,0.00248616,-0.03096103,-0.1783752,-0.1586151,0.9710846,-0.1783752,-0.1586151,0.9710846,3.062119,3.062119,True,True,True
2189265,63780534952992,-14.52189,2.853134,-1.336385,0.00223898,0.974085,0.04198492,-0.2222404,0.01271503,0.002304306,-0.031368,-0.1782684,-0.1447449,0.9732666,0.03450849,0.002487213,-0.03096105,0.03450849,0.002487213,-0.03096105,-0.1771088,-0.1588898,0.9712677,-0.1771088,-0.1588898,0.9712677,3.061646,3.061646,True,True,True
2189273,63780534953003,-14.5219,2.853157,-1.336498,0.002303571,0.9741771,0.04211405,-0.2218112,0.01243495,0.002331665,-0.03139627,-0.1629944,-0.1370239,0.9770508,0.03443468,0.002511231,-0.03100424,0.03443468,0.002511231,-0.03100424,-0.1656799,-0.1495667,0.974762,-0.1656799,-0.1495667,0.974762,2.98349,2.98349,True,True,True
2189281,63780534953014,-14.52188,2.85319,-1.336612,0.002503653,0.9742807,0.04229928,-0.2213179,0.002708267,0.002327133,-0.03144002,-0.129837,-0.1131897,0.9850464,0.0342621,0.002552841,-0.03072124,0.0342621,0.002552841,-0.03072124,-0.1301422,-0.1165771,0.9846039,-0.1301422,-0.1165771,0.9846039,3.045563,3.045563,True,True,True
2189290,63780534953025,-14.52177,2.853276,-1.336901,0.002592261,0.9743918,0.0424285,-0.2208027,-0.02582153,0.002192429,-0.03203127,-0.1273499,-0.08612061,0.9880981,0.03419387,0.002909729,-0.0317094,0.03419387,0.002909729,-0.0317094,-0.1032257,-0.09429932,0.9901733,-0.1032257,-0.09429932,0.9901733,3.079865,3.079865,True,True,True
2189298,63780534953025,-14.52177,2.853276,-1.336901,0.002592261,0.9743918,0.0424285,-0.2208027,-0.03134494,0.002157608,-0.03189539,-0.1335754,-0.07447815,0.9882355,0.03410602,0.003021637,-0.03160552,0.03410602,0.003021637,-0.03160552,-0.1228027,-0.09136963,0.988205,-0.1228027,-0.09136963,0.988205,3.048431,3.048431,True,True,True
2189306,63780534953039,-14.52173,2.853321,-1.337035,0.002582165,0.9744481,0.04252194,-0.2205362,-0.03221691,0.002250366,-0.03223523,-0.116684,-0.05157471,0.9918213,0.03409111,0.003103928,-0.03171204,0.03409111,0.003103928,-0.03171204,-0.1151428,-0.07440186,0.9905548,-0.1151428,-0.07440186,0.9905548,3.014053,3.014053,True,True,True
2189315,63780534953048,-14.52166,2.853325,-1.337222,0.002721881,0.9745377,0.04265794,-0.2201118,-0.03228798,0.002271774,-0.03230324,-0.1093903,-0.05227661,0.9926147,0.03411428,0.003088379,-0.03170659,0.03411428,0.003088379,-0.03170659,-0.1182098,-0.07777405,0.9899292,-0.1182098,-0.07777405,0.9899292,3.053635,3.053635,True,True,True
2189323,63780534953059,-14.52161,2.853371,-1.337388,0.002630216,0.9746092,0.04289515,-0.2197501,-0.03230652,0.00227272,-0.03230957,-0.1096649,-0.05162048,0.9926147,0.03412341,0.003011078,-0.03146303,0.03412341,0.003011078,-0.03146303,-0.1191406,-0.09141541,0.9886475,-0.1191406,-0.09141541,0.9886475,3.036407,3.036407,True,True,True
2189331,63780534953059,-14.52161,2.853371,-1.337388,0.002630216,0.9746092,0.04289515,-0.2197501,-0.0323436,0.002268936,-0.03231705,-0.1092987,-0.05618286,0.9924164,0.03429328,0.004006897,-0.03511399,0.03429328,0.004006897,-0.03511399,-0.06936646,-0.08918762,0.9935913,-0.06936646,-0.08918762,0.9935913,3.020096,3.020096,True,True,True
2189340,63780534953070,-14.52153,2.853445,-1.337552,0.002667496,0.9746581,0.04311896,-0.2194886,-0.03234935,0.002262268,-0.03229155,-0.1132965,-0.06011963,0.9917297,0.0342984,0.003987061,-0.03505313,0.0342984,0.003987061,-0.03505313,-0.0637207,-0.09577942,0.9933472,-0.0637207,-0.09577942,0.9933472,2.9095,2.9095,True,True,True
2189348,63780534953081,-14.52159,2.853486,-1.337635,0.002640898,0.9747322,0.04331066,-0.2191218,-0.0323515,0.002260681,-0.03228752,-0.11203,-0.05664063,0.9920807,0.03429872,0.003980423,-0.03503517,0.03429872,0.003980423,-0.03503517,-0.06599426,-0.09500122,0.9932709,-0.06599426,-0.09500122,0.9932709,2.886703,2.886703,True,True,True
2189356,63780534953092,-14.52155,2.853544,-1.337775,0.002575493,0.974788,0.04352205,-0.2188325,-0.03235365,0.00225911,-0.0322835,-0.1107178,-0.05952454,0.9920654,0.03429903,0.003973786,-0.03501721,0.03429903,0.003973786,-0.03501721,-0.06362915,-0.09393311,0.9935303,-0.06362915,-0.09393311,0.9935303,2.910675,2.910675,True,True,True
2189365,63780534953092,-14.52155,2.853544,-1.337775,0.002575493,0.974788,0.04352205,-0.2188325,-0.0323569,0.002249329,-0.03225166,-0.1101837,-0.05947876,0.9921265,0.03429904,0.003959,-0.03497617,0.03429904,0.003959,-0.03497617,-0.06584167,-0.09342957,0.9934387,-0.06584167,-0.09342957,0.9934387,2.919083,2.919083,True,True,True
2189373,63780534953103,-14.52149,2.853535,-1.337921,0.002656827,0.974798,0.04377342,-0.2187367,-0.03236016,0.002239548,-0.03221982,-0.1096497,-0.05938721,0.9921875,0.03429904,0.003944229,-0.03493512,0.03429904,0.003944229,-0.03493512,-0.06806946,-0.0929718,0.9933319,-0.06806946,-0.0929718,0.9933319,2.926361,2.926361,True,True,True
2189381,63780534953114,-14.52143,2.853571,-1.33807,0.002738626,0.9748557,0.04384852,-0.2184634,-0.03236292,0.002235626,-0.03221033,-0.1091766,-0.05903625,0.9922638,0.03430072,0.003941727,-0.03493021,0.03430072,0.003941727,-0.03493021,-0.06788635,-0.09220886,0.9934082,-0.06788635,-0.09220886,0.9934082,2.927124,2.927124,True,True,True
2189390,63780534953125,-14.52141,2.853598,-1.338188,0.002873445,0.9749291,0.04417407,-0.218068,-0.03236566,0.00223169,-0.03220084,-0.108551,-0.05883789,0.9923401,0.0343024,0.003939224,-0.03492529,0.0343024,0.003939224,-0.03492529,-0.06768799,-0.09236145,0.9934082,-0.06768799,-0.09236145,0.9934082,2.927765,2.927765,True,True,True
2189398,63780534953125,-14.52141,2.853598,-1.338188,0.002873445,0.9749291,0.04417407,-0.218068,-0.03236824,0.002222351,-0.03217575,-0.1103973,-0.05943298,0.9920959,0.03430269,0.003931031,-0.03492305,0.03430269,0.003931031,-0.03492305,-0.06880188,-0.09086609,0.9934692,-0.06880188,-0.09086609,0.9934692,2.931915,2.931915,True,True,True
2189406,63780534953137,-14.5213,2.853609,-1.338381,0.003000841,0.9749981,0.04444832,-0.217702,0.007787033,0.003242844,-0.03381914,-0.08584595,-0.07746887,0.9932861,0.03430298,0.003922836,-0.03492081,0.03430298,0.003922836,-0.03492081,-0.06996155,-0.08938599,0.9935303,-0.06996155,-0.08938599,0.9935303,2.928558,2.928558,True,True,True
2189415,63780534953147,-14.52124,2.853647,-1.338491,0.003103846,0.9750534,0.04475901,-0.2173889,0.0108635,0.00332013,-0.03394458,-0.08302307,-0.07922363,0.9933777,0.03430533,0.003921723,-0.03491542,0.03430533,0.003921723,-0.03491542,-0.0693512,-0.09085083,0.9934387,-0.0693512,-0.09085083,0.9934387,2.932114,2.932114,True,True,True
2189423,63780534953158,-14.52127,2.853703,-1.338573,0.0031613,0.9751388,0.04513883,-0.2169261,0.01272092,0.003366226,-0.03401674,-0.08093262,-0.08137512,0.9933777,0.03430768,0.003920609,-0.03491003,0.03430768,0.003920609,-0.03491003,-0.06872559,-0.09237671,0.9933472,-0.06872559,-0.09237671,0.9933472,2.935593,2.935593,True,True,True
2189431,63780534953158,-14.52127,2.853703,-1.338573,0.0031613,0.9751388,0.04513883,-0.2169261,0.03170575,0.003842713,-0.03476378,-0.06465149,-0.09472656,0.9933929,0.03431691,0.003916275,-0.03489719,0.03431691,0.003916275,-0.03489719,-0.06277466,-0.09613037,0.9933777,-0.06277466,-0.09613037,0.9933777,2.950119,2.950119,True,True,True
2189440,63780534953170,-14.52112,2.85378,-1.338713,0.003228608,0.9751873,0.04545242,-0.2166413,0.03354083,0.00406247,-0.03508696,-0.07737732,-0.04951477,0.9957581,0.03438257,0.00408635,-0.03512901,0.03438257,0.00408635,-0.03512901,-0.0766449,-0.04971313,0.9958038,-0.0766449,-0.04971313,0.9958038,2.886353,2.886353,True,True,True
2189448,63780534953181,-14.52097,2.853803,-1.338931,0.003217979,0.9752572,0.04583206,-0.2162464,0.03351442,0.004109085,-0.03468907,-0.1057434,-0.03375244,0.9938049,0.03440143,0.004130844,-0.03472147,0.03440143,0.004130844,-0.03472147,-0.1051636,-0.03422546,0.9938507,-0.1051636,-0.03422546,0.9938507,2.965988,2.965988,True,True,True
2189456,63780534953192,-14.52087,2.853847,-1.339046,0.003237213,0.9753193,0.04626369,-0.2158741,0.01975751,0.003797424,-0.03373805,-0.109726,0.01795959,0.9937897,0.03436904,0.004140244,-0.03421336,0.03436904,0.004140244,-0.03421336,-0.1010437,0.01171875,0.994812,-0.1010437,0.01171875,0.994812,2.950516,2.950516,True,True,True
2189465,63780534953192,-14.52087,2.853847,-1.339046,0.003237213,0.9753193,0.04626369,-0.2158741,-0.02934999,0.002965347,-0.03261643,-0.1465607,0.04689026,0.9880829,0.03434639,0.004115814,-0.03366391,0.03434639,0.004115814,-0.03366391,-0.1090088,0.0254364,0.9937134,-0.1090088,0.0254364,0.9937134,3.028427,3.028427,True,True,True
2189473,63780534953203,-14.52071,2.854015,-1.339214,0.003278925,0.9753541,0.04668826,-0.2156241,-0.03157813,0.003140579,-0.03287773,-0.1586456,0.07400513,0.9845428,0.03437641,0.004287552,-0.03381639,0.03437641,0.004287552,-0.03381639,-0.1223907,0.06011963,0.9906464,-0.1223907,0.06011963,0.9906464,2.98056,2.98056,True,True,True
2189481,63780534953214,-14.52068,2.854119,-1.339317,0.003270968,0.9754138,0.04742208,-0.2151938,-0.03101962,0.003109024,-0.03245917,-0.1527252,0.09562683,0.9836273,0.03443387,0.004671753,-0.03494538,0.03443387,0.004671753,-0.03494538,-0.09481812,0.07756042,0.9924622,-0.09481812,0.07756042,0.9924622,2.941208,2.941208,True,True,True
2189490,63780534953225,-14.52058,2.85435,-1.339468,0.003523015,0.975458,0.04827963,-0.2147983,-0.03063905,0.003074356,-0.03227647,-0.157486,0.1046295,0.9819489,0.03443591,0.004624069,-0.03470834,0.03443591,0.004624069,-0.03470834,-0.1016693,0.078125,0.9917297,-0.1016693,0.078125,0.9917297,2.898331,2.898331,True,True,True
2189498,63780534953225,-14.52058,2.85435,-1.339468,0.003523015,0.975458,0.04827963,-0.2147983,-0.03051914,0.003092636,-0.0322923,-0.1586609,0.09274292,0.9829559,0.03443762,0.004532837,-0.03442667,0.03443762,0.004532837,-0.03442667,-0.1025848,0.07421875,0.9919434,-0.1025848,0.07421875,0.9919434,2.921677,2.921677,True,True,True
2189506,63780534953236,-14.52041,2.854519,-1.339479,0.003562925,0.9754953,0.04928349,-0.2143998,-0.0291872,0.003115753,-0.03237816,-0.1599579,0.09004211,0.9830017,0.03445352,0.004557572,-0.03458795,0.03445352,0.004557572,-0.03458795,-0.1000824,0.07487488,0.9921417,-0.1000824,0.07487488,0.9921417,2.823685,2.823685,True,True,True
2189515,63780534953247,-14.52039,2.854764,-1.339456,0.003667627,0.9755277,0.05040124,-0.2139905,-0.03192797,0.003013947,-0.03221034,-0.1615295,0.09606934,0.9821777,0.03442948,0.004327652,-0.03379257,0.03442948,0.004327652,-0.03379257,-0.1147461,0.07496643,0.9905548,-0.1147461,0.07496643,0.9905548,2.877396,2.877396,True,True,True
2189523,63780534953258,-14.52028,2.85493,-1.339482,0.003678048,0.9755583,0.05146398,-0.2135979,-0.0320331,0.002943771,-0.03208786,-0.1595612,0.1064301,0.9814301,0.03430753,0.003534226,-0.03098718,0.03430753,0.003534226,-0.03098718,-0.1552277,0.08543396,0.9841614,-0.1552277,0.08543396,0.9841614,3.006851,3.006851,True,True,True
2189531,63780534953258,-14.52028,2.85493,-1.339482,0.003678048,0.9755583,0.05146398,-0.2135979,-0.0320411,0.002954087,-0.03217067,-0.1614075,0.1011353,0.9816742,0.03430966,0.003512711,-0.03099957,0.03430966,0.003512711,-0.03099957,-0.1464386,0.09260559,0.9848633,-0.1464386,0.09260559,0.9848633,2.953033,2.953033,True,True,True
2189540,63780534953270,-14.52022,2.855126,-1.339478,0.003669267,0.9755986,0.05228238,-0.2132146,-0.03204727,0.002952515,-0.03218178,-0.1583405,0.09562683,0.9827271,0.03431119,0.003494263,-0.03101581,0.03431119,0.003494263,-0.03101581,-0.1472931,0.09136963,0.984848,-0.1472931,0.09136963,0.984848,2.997589,2.997589,True,True,True
2189548,63780534953281,-14.52012,2.855299,-1.339527,0.003699266,0.9756268,0.0530459,-0.2128966,-0.03207404,0.002907379,-0.03210007,-0.1632385,0.08978271,0.9824829,0.03442429,0.004147492,-0.03344446,0.03442429,0.004147492,-0.03344446,-0.114975,0.06997681,0.9908905,-0.114975,0.06997681,0.9908905,2.87027,2.87027,True,True,True
2189556,63780534953292,-14.51994,2.855422,-1.339546,0.003845697,0.9756382,0.05384599,-0.2126405,-0.03209096,0.002852478,-0.03194536,-0.1625671,0.1029358,0.981308,0.03442995,0.004157959,-0.03352162,0.03442995,0.004157959,-0.03352162,-0.1186829,0.06900024,0.9905243,-0.1186829,0.06900024,0.9905243,2.86438,2.86438,True,True,True
2189565,63780534953292,-14.51994,2.855422,-1.339546,0.003845697,0.9756382,0.05384599,-0.2126405,-0.03210568,0.0027854,-0.03174635,-0.1612244,0.1009674,0.9817352,0.03443523,0.004179581,-0.03361832,0.03443523,0.004179581,-0.03361832,-0.1160736,0.06747437,0.9909363,-0.1160736,0.06747437,0.9909363,2.83197,2.83197,True,True,True
2189573,63780534953303,-14.51989,2.855538,-1.339566,0.00398203,0.9756467,0.05443967,-0.2124477,-0.03210973,0.002772522,-0.0317198,-0.1644745,0.1017609,0.9811096,0.03444051,0.004201203,-0.03371501,0.03444051,0.004201203,-0.03371501,-0.1156464,0.06599426,0.9910889,-0.1156464,0.06599426,0.9910889,2.799728,2.799728,True,True,True
2189581,63780534953314,-14.51988,2.855588,-1.339523,0.004203601,0.9756635,0.05515533,-0.2121814,-0.03211379,0.002759659,-0.03169325,-0.1626434,0.1027069,0.9813232,0.03444779,0.004236649,-0.03386118,0.03444779,0.004236649,-0.03386118,-0.1124573,0.06565857,0.9914703,-0.1124573,0.06565857,0.9914703,2.788116,2.788116,True,True,True
2189590,63780534953325,-14.51983,2.855663,-1.339546,0.004156682,0.9756359,0.05580281,-0.2121396,-0.03211845,0.002747299,-0.03166234,-0.1637115,0.1019135,0.9812164,0.03445506,0.004272095,-0.03400734,0.03445506,0.004272095,-0.03400734,-0.1091766,0.06550598,0.9918518,-0.1091766,0.06550598,0.9918518,2.792587,2.792587,True,True,True
2189598,63780534953325,-14.51983,2.855663,-1.339546,0.004156682,0.9756359,0.05580281,-0.2121396,-0.03212313,0.00273494,-0.03163417,-0.1642456,0.1008759,0.9812469,0.03445937,0.004279419,-0.03406085,0.03445937,0.004279419,-0.03406085,-0.109024,0.06687927,0.9917755,-0.109024,0.06687927,0.9917755,2.801102,2.801102,True,True,True
2189606,63780534953337,-14.51983,2.855784,-1.339575,0.004315528,0.9756429,0.05631238,-0.2119701,-0.03212611,0.002731064,-0.03165422,-0.1635284,0.1001129,0.9814301,0.03446355,0.004272095,-0.03404132,0.03446355,0.004272095,-0.03404132,-0.1091614,0.06706238,0.991745,-0.1091614,0.06706238,0.991745,2.79216,2.79216,True,True,True
2189615,63780534953347,-14.51988,2.855892,-1.339659,0.004263025,0.9756591,0.05689217,-0.2117415,-0.03212775,0.00273497,-0.03167432,-0.1625824,0.09718323,0.9818878,0.03446165,0.004267197,-0.03402434,0.03446165,0.004267197,-0.03402434,-0.1085358,0.06556702,0.9919128,-0.1085358,0.06556702,0.9919128,2.801682,2.801682,True,True,True
2189623,63780534953358,-14.51979,2.855992,-1.339863,0.004261862,0.9756229,0.05740666,-0.2117695,-0.02636907,0.002878128,-0.03188483,-0.157959,0.0916748,0.9831696,0.03445975,0.004262314,-0.03400734,0.03445975,0.004262314,-0.03400734,-0.1080017,0.06401062,0.9920807,-0.1080017,0.06401062,0.9920807,2.79213,2.79213,True,True,True
2189631,63780534953358,-14.51979,2.855992,-1.339863,0.004261862,0.9756229,0.05740666,-0.2117695,-0.02679276,0.002878098,-0.03187566,-0.1584625,0.08932495,0.9833069,0.03445951,0.004243256,-0.03396762,0.03445951,0.004243256,-0.03396762,-0.1092529,0.06521606,0.9918671,-0.1092529,0.06521606,0.9918671,2.785492,2.785492,True,True,True
2189640,63780534953370,-14.51983,2.856068,-1.339924,0.004233287,0.9756016,0.05770086,-0.2117884,-0.0201268,0.003023529,-0.03211803,-0.153183,0.08738708,0.984314,0.03445927,0.004224197,-0.0339279,0.03445927,0.004224197,-0.0339279,-0.1083527,0.06632996,0.9918823,-0.1083527,0.06632996,0.9918823,2.778854,2.778854,True,True,True
2189648,63780534953381,-14.5199,2.856071,-1.340044,0.004320332,0.9755717,0.05800978,-0.2118397,-0.006422516,0.003322281,-0.03258495,-0.1425476,0.08273315,0.9863129,0.03445916,0.004216614,-0.03391799,0.03445916,0.004216614,-0.03391799,-0.1094666,0.06694031,0.9917297,-0.1094666,0.06694031,0.9917297,2.779312,2.779312,True,True,True
2189656,63780534953392,-14.51991,2.856109,-1.340144,0.004393292,0.975529,0.05815776,-0.2119941,0.004614288,0.003561997,-0.0329612,-0.1325684,0.07839966,0.9880524,0.03445927,0.004209046,-0.03391879,0.03445927,0.004209046,-0.03391879,-0.1088257,0.06817627,0.9917145,-0.1088257,0.06817627,0.9917145,2.779388,2.779388,True,True,True
2189665,63780534953392,-14.51991,2.856109,-1.340144,0.004393292,0.975529,0.05815776,-0.2119941,0.005975342,0.003504364,-0.03292519,-0.1192932,0.07168579,0.9902649,0.03439766,0.004066742,-0.03361501,0.03439766,0.004066742,-0.03361501,-0.09793091,0.05697632,0.9935455,-0.09793091,0.05697632,0.9935455,2.71199,2.71199,True,True,True
2189673,63780534953403,-14.51994,2.856103,-1.340283,0.00453222,0.9755013,0.05807576,-0.2121412,-0.03251082,0.002620209,-0.03182485,-0.0872345,0.05801392,0.9944916,0.03400546,0.00313327,-0.03072624,0.03400546,0.00313327,-0.03072624,-0.08178711,0.06858826,0.994278,-0.08178711,0.06858826,0.994278,2.836929,2.836929,True,True,True
2189681,63780534953414,-14.51997,2.856092,-1.34045,0.004585662,0.9754809,0.0578685,-0.2122905,-0.03282279,0.002491837,-0.03189568,-0.03161621,0.04624939,0.9984283,0.03366251,0.002912628,-0.03038996,0.03366251,0.002912628,-0.03038996,-0.02966309,0.05255127,0.9981689,-0.02966309,0.05255127,0.9981689,2.721695,2.721695,True,True,True
2189690,63780534953425,-14.51994,2.856055,-1.340604,0.004783757,0.9754627,0.057484,-0.212474,-0.03309513,0.002304764,-0.03158081,0.005813599,0.0378418,0.9992523,0.03332642,0.002794617,-0.03022321,0.03332642,0.002794617,-0.03022321,0.02006531,0.02818298,0.9993896,0.02006531,0.02818298,0.9993896,2.736267,2.736267,True,True,True
2189698,63780534953425,-14.51994,2.856055,-1.340604,0.004783757,0.9754627,0.057484,-0.212474,-0.03334009,0.002250702,-0.03174848,0.04759216,0.01287842,0.9987793,0.03304186,0.002941834,-0.03100322,0.03304186,0.002941834,-0.03100322,0.06668091,-0.006942749,0.9977417,0.06668091,-0.006942749,0.9977417,2.813599,2.813599,True,True,True
2189706,63780534953436,-14.52006,2.855982,-1.340679,0.004832448,0.975441,0.05703367,-0.2126936,-0.03363086,0.002799011,-0.03402858,0.06468201,-0.03318787,0.997345,0.03279468,0.003000595,-0.0314541,0.03279468,0.003000595,-0.0314541,0.09892273,-0.04504395,0.9940643,0.09892273,-0.04504395,0.9940643,2.6521,2.6521,True,True,True
2189715,63780534953448,-14.52007,2.855916,-1.340831,0.004904369,0.9754332,0.0566457,-0.2128316,-0.03372452,0.002511963,-0.03333995,0.08657837,-0.03875732,0.9954834,0.03264127,0.003126328,-0.03211582,0.03264127,0.003126328,-0.03211582,0.1289673,-0.06274414,0.9896545,0.1289673,-0.06274414,0.9896545,2.724609,2.724609,True,True,True
2189723,63780534953458,-14.52016,2.855849,-1.341011,0.004842656,0.9754096,0.05621764,-0.2130543,-0.03376766,0.002564041,-0.03355469,0.07818604,-0.02738953,0.9965515,0.03267493,0.00283194,-0.03119092,0.03267493,0.00283194,-0.03119092,0.1281586,-0.04942322,0.990509,0.1281586,-0.04942322,0.990509,2.827301,2.827301,True,True,True
2189731,63780534953458,-14.52016,2.855849,-1.341011,0.004842656,0.9754096,0.05621764,-0.2130543,-0.03115134,0.002582611,-0.03344916,0.07925415,-0.03125,0.9963531,0.03270975,0.002789887,-0.03103282,0.03270975,0.002789887,-0.03103282,0.1349945,-0.04637146,0.9897461,0.1349945,-0.04637146,0.9897461,2.895889,2.895889,True,True,True
2189740,63780534953470,-14.52029,2.855838,-1.341179,0.004921195,0.975379,0.05585662,-0.2132874,0.03267612,0.002949631,-0.03146341,0.1310577,-0.05958557,0.9895782,0.03270746,0.002949814,-0.03146246,0.03270746,0.002949814,-0.03146246,0.131073,-0.05958557,0.989563,0.131073,-0.05958557,0.989563,2.770721,2.770721,True,True,True
2189748,63780534953481,-14.52038,2.855775,-1.34133,0.004886806,0.9753556,0.0554411,-0.2135043,0.0327126,0.00304863,-0.03174542,0.1213074,-0.07345581,0.9898834,0.03271268,0.00304863,-0.03174542,0.03271268,0.00304863,-0.03174542,0.1213074,-0.07345581,0.9898834,0.1213074,-0.07345581,0.9898834,2.81131,2.81131,True,True,True
2189756,63780534953492,-14.5204,2.855573,-1.341518,0.004821278,0.9753029,0.05515232,-0.2138207,0.03271591,0.002982712,-0.0315302,0.1258698,-0.06408691,0.9899597,0.03271765,0.002982727,-0.03153015,0.03271765,0.002982727,-0.03153015,0.1258698,-0.06408691,0.9899597,0.1258698,-0.06408691,0.9899597,2.789444,2.789444,True,True,True
2189765,63780534953492,-14.5204,2.855573,-1.341518,0.004821278,0.9753029,0.05515232,-0.2138207,0.03271594,0.002914551,-0.03128777,0.1250763,-0.05906677,0.9903717,0.03273636,0.002914673,-0.03128716,0.03273636,0.002914673,-0.03128716,0.1250916,-0.05908203,0.9903717,0.1250916,-0.05908203,0.9903717,2.750961,2.750961,True,True,True
2189773,63780534953503,-14.52047,2.855538,-1.341676,0.004817232,0.9752777,0.05475271,-0.2140387,0.03040941,0.002885544,-0.03129056,0.1301117,-0.05484009,0.989975,0.0327442,0.002900208,-0.03122197,0.0327442,0.002900208,-0.03122197,0.1317444,-0.0556488,0.9897156,0.1317444,-0.0556488,0.9897156,2.944031,2.944031,True,True,True
2189781,63780534953514,-14.52063,2.855489,-1.341852,0.004756315,0.9752575,0.05440722,-0.2142197,-0.007029755,0.002605835,-0.03227722,0.1053772,-0.04223633,0.9935303,0.03269202,0.002912781,-0.03128034,0.03269202,0.002912781,-0.03128034,0.1328583,-0.06065369,0.9892731,0.1328583,-0.06065369,0.9892731,2.857468,2.857468,True,True,True
2189790,63780534953514,-14.52063,2.855489,-1.341852,0.004756315,0.9752575,0.05440722,-0.2142197,-0.0184407,0.002346344,-0.03227556,0.1493073,-0.04566956,0.9877319,0.03246567,0.003112442,-0.0322849,0.03246567,0.003112442,-0.0322849,0.1562042,-0.05271912,0.9863129,0.1562042,-0.05271912,0.9863129,2.668365,2.668365,True,True,True
2189798,63780534953530,-14.52081,2.855352,-1.341971,0.004564153,0.975214,0.0541193,-0.2144945,-0.01141945,0.002412506,-0.03258594,0.2045441,-0.08003235,0.9755707,0.03212849,0.003060532,-0.03248611,0.03212849,0.003060532,-0.03248611,0.2158203,-0.09498596,0.9717865,0.2158203,-0.09498596,0.9717865,2.723999,2.723999,True,True,True
2189806,63780534953541,-14.52097,2.85529,-1.342099,0.004476207,0.9751565,0.05378941,-0.2148408,-0.03104305,0.00195372,-0.03269673,0.2452087,-0.09408569,0.9648895,0.03174056,0.002944199,-0.03259709,0.03174056,0.002944199,-0.03259709,0.269989,-0.1209717,0.9552155,0.269989,-0.1209717,0.9552155,2.752853,2.752853,True,True,True
2189815,63780534953541,-14.52097,2.85529,-1.342099,0.004476207,0.9751565,0.05378941,-0.2148408,-0.03439331,0.001778565,-0.0327957,0.2966919,-0.1144867,0.9480743,0.03146381,0.002877915,-0.03269904,0.03146381,0.002877915,-0.03269904,0.3209076,-0.1388855,0.9368591,0.3209076,-0.1388855,0.9368591,2.888428,2.888428,True,True,True
2189823,63780534953552,-14.52105,2.855222,-1.342275,0.004208668,0.9750935,0.05355774,-0.2151897,-0.0349724,0.001654831,-0.0329129,0.3488159,-0.1288147,0.9282837,0.031149,0.002779709,-0.03283855,0.031149,0.002779709,-0.03283855,0.3719177,-0.162384,0.9139404,0.3719177,-0.162384,0.9139404,2.767044,2.767044,True,True,True
2189831,63780534953564,-14.52111,2.855191,-1.34243,0.004045939,0.9750546,0.05334857,-0.2154206,-0.03516718,0.001571396,-0.03300383,0.3872681,-0.1402893,0.9112244,0.0309151,0.002731064,-0.03296128,0.0309151,0.002731064,-0.03296128,0.4118958,-0.1719208,0.8948517,0.4118958,-0.1719208,0.8948517,2.827255,2.827255,True,True,True
2189840,63780534953575,-14.52123,2.855142,-1.342544,0.003848719,0.9749793,0.05322088,-0.2157966,-0.03530826,0.001500015,-0.03310007,0.4316254,-0.1669464,0.8864594,0.03067349,0.002649475,-0.03309354,0.03067349,0.002649475,-0.03309354,0.4415436,-0.1804352,0.878891,0.4415436,-0.1804352,0.878891,2.933258,2.933258,True,True,True
2189848,63780534953575,-14.52123,2.855142,-1.342544,0.003848719,0.9749793,0.05322088,-0.2157966,-0.03540215,0.001456741,-0.03314519,0.4407349,-0.1725464,0.8808899,0.03054364,0.002596725,-0.03315141,0.03054364,0.002596725,-0.03315141,0.4427643,-0.2013855,0.8737183,0.4427643,-0.2013855,0.8737183,2.732895,2.732895,True,True,True
2189856,63780534953586,-14.52139,2.855099,-1.342593,0.003653415,0.9749037,0.05310899,-0.2161686,-0.03514748,0.001434937,-0.03318363,0.4497833,-0.1692505,0.8769379,0.03051184,0.002557297,-0.03319087,0.03051184,0.002557297,-0.03319087,0.4620056,-0.2204895,0.859024,0.4620056,-0.2204895,0.859024,2.897919,2.897919,True,True,True
2189865,63780534953597,-14.52154,2.855079,-1.34268,0.003500973,0.9748244,0.05307793,-0.2165362,-0.01118346,0.001824997,-0.0331908,0.445755,-0.1881256,0.8751526,0.03052446,0.002549744,-0.03318245,0.03052446,0.002549744,-0.03318245,0.459549,-0.226593,0.8587494,0.459549,-0.226593,0.8587494,2.883423,2.883423,True,True,True
2189873,63780534953608,-14.5216,2.855087,-1.342792,0.003305954,0.9747127,0.05307455,-0.2170424,-0.01642758,0.001734879,-0.03319957,0.447464,-0.1746826,0.8770599,0.03053398,0.002546387,-0.03317362,0.03053398,0.002546387,-0.03317362,0.45578,-0.2164917,0.8633423,0.45578,-0.2164917,0.8633423,2.911331,2.911331,True,True,True
2189881,63780534953608,-14.5216,2.855087,-1.342792,0.003305954,0.9747127,0.05307455,-0.2170424,-0.01070815,0.001832123,-0.03319025,0.4433899,-0.1943054,0.875,0.03053569,0.002547089,-0.03317223,0.03053569,0.002547089,-0.03317223,0.4554901,-0.2180023,0.8631134,0.4554901,-0.2180023,0.8631134,2.924286,2.924286,True,True,True
2189890,63780534953619,-14.52177,2.855077,-1.342839,0.003118623,0.9746166,0.05307665,-0.2174755,-0.005989502,0.001912064,-0.03318605,0.4429474,-0.2010498,0.873703,0.03053739,0.002547302,-0.03317082,0.03053739,0.002547302,-0.03317082,0.4565887,-0.2178955,0.8625641,0.4565887,-0.2178955,0.8625641,2.911438,2.911438,True,True,True
2189898,63780534953630,-14.52193,2.855072,-1.342906,0.002890278,0.9745164,0.05306191,-0.2179308,0.001657318,0.002044617,-0.03318335,0.4445496,-0.2043152,0.8721313,0.03053804,0.002547501,-0.03317055,0.03053804,0.002547501,-0.03317055,0.4560547,-0.218689,0.8626556,0.4560547,-0.218689,0.8626556,2.924347,2.924347,True,True,True
2189906,63780534953641,-14.52205,2.85509,-1.342974,0.002654731,0.9743986,0.05308057,-0.2184558,0.005057007,0.002103134,-0.03318161,0.4444427,-0.2021484,0.8726959,0.03053871,0.002547302,-0.03317026,0.03053871,0.002547302,-0.03317026,0.4555206,-0.2193756,0.8627625,0.4555206,-0.2193756,0.8627625,2.936249,2.936249,True,True,True
2189915,63780534953641,-14.52205,2.85509,-1.342974,0.002654731,0.9743986,0.05308057,-0.2184558,0.007473282,0.002145432,-0.03317948,0.4442902,-0.2064514,0.8717651,0.03054144,0.002546845,-0.03316921,0.03054144,0.002546845,-0.03316921,0.4540863,-0.2214355,0.8629913,0.4540863,-0.2214355,0.8629913,2.926117,2.926117,True,True,True
2189923,63780534953652,-14.52223,2.855083,-1.343035,0.002502802,0.974289,0.05320635,-0.2189148,0.006787919,0.002133682,-0.03317871,0.4429016,-0.2062988,0.8724976,0.03054419,0.002546387,-0.03316817,0.03054419,0.002546387,-0.03316817,0.452713,-0.2197723,0.8641357,0.452713,-0.2197723,0.8641357,2.916458,2.916458,True,True,True
2189931,63780534953663,-14.52231,2.855101,-1.34316,0.002247333,0.974148,0.05321416,-0.2195425,0.006771195,0.002133362,-0.0331783,0.4450378,-0.2090302,0.8707581,0.03054921,0.002545975,-0.0331669,0.03054921,0.002545975,-0.0331669,0.4538422,-0.22052,0.8633575,0.4538422,-0.22052,0.8633575,2.926437,2.926437,True,True,True
2189940,63780534953675,-14.52246,2.855052,-1.343208,0.002126353,0.9740158,0.05329988,-0.2201091,0.006639038,0.002131027,-0.03317795,0.4464111,-0.2068787,0.8705597,0.03055422,0.002545563,-0.03316564,0.03055422,0.002545563,-0.03316564,0.4548798,-0.2212372,0.8626251,0.4548798,-0.2212372,0.8626251,2.930069,2.930069,True,True,True
2189948,63780534953675,-14.52246,2.855052,-1.343208,0.002126353,0.9740158,0.05329988,-0.2201091,0.006435059,0.002127853,-0.03317703,0.4465332,-0.2074738,0.8703613,0.03055686,0.00254541,-0.03316368,0.03055686,0.00254541,-0.03316368,0.4551544,-0.2204132,0.8626862,0.4551544,-0.2204132,0.8626862,2.924026,2.924026,True,True,True
2189956,63780534953686,-14.52265,2.855041,-1.343263,0.001966075,0.9738951,0.05330037,-0.2206433,0.005670364,0.00211496,-0.03317601,0.4464874,-0.2077179,0.8703308,0.0305595,0.002545273,-0.03316173,0.0305595,0.002545273,-0.03316173,0.4555817,-0.2212982,0.8622284,0.4555817,-0.2212982,0.8622284,2.930725,2.930725,True,True,True
2189965,63780534953697,-14.52289,2.855055,-1.343236,0.00175031,0.9737966,0.05317191,-0.2211105,0.005614136,0.002114411,-0.03317504,0.4460449,-0.2079163,0.8705139,0.03056401,0.002544312,-0.03316075,0.03056401,0.002544312,-0.03316075,0.4559021,-0.2220001,0.8618774,0.4559021,-0.2220001,0.8618774,2.924377,2.924377,True,True,True
2189973,63780534953708,-14.52305,2.855008,-1.343266,0.001514363,0.9736661,0.05307828,-0.2217091,0.00558638,0.00211435,-0.03317404,0.4456482,-0.2070007,0.8709412,0.03056854,0.002543366,-0.03315978,0.03056854,0.002543366,-0.03315978,0.4562836,-0.2209167,0.8619537,0.4562836,-0.2209167,0.8619537,2.918488,2.918488,True,True,True
2189981,63780534953708,-14.52305,2.855008,-1.343266,0.001514363,0.9736661,0.05307828,-0.2217091,0.005577744,0.002113388,-0.03317375,0.4457703,-0.2070618,0.8708496,0.03057221,0.00254213,-0.0331595,0.03057221,0.00254213,-0.0331595,0.4564209,-0.2215576,0.8617249,0.4564209,-0.2215576,0.8617249,2.918365,2.918365,True,True,True
2189990,63780534953719,-14.52309,2.855035,-1.343363,0.001321902,0.9735537,0.05285015,-0.2222573,0.006357102,0.002125916,-0.03317304,0.4462433,-0.2064209,0.8707581,0.03057588,0.002540878,-0.03315923,0.03057588,0.002540878,-0.03315923,0.4565735,-0.2203674,0.8619537,0.4565735,-0.2203674,0.8619537,2.917694,2.917694,True,True,True
2189998,63780534953730,-14.52319,2.854968,-1.343493,0.001042829,0.9734507,0.05269385,-0.2227466,0.006519837,0.002112991,-0.03317229,0.4533539,-0.2129822,0.8654938,0.03060039,0.002514633,-0.03315309,0.03060039,0.002514633,-0.03315309,0.460907,-0.2252045,0.8583832,0.460907,-0.2252045,0.8583832,2.887466,2.887466,True,True,True
2190006,63780534953741,-14.52335,2.854918,-1.343547,0.0009674313,0.9733273,0.05264218,-0.2232977,0.004719376,0.002037338,-0.03325914,0.4740906,-0.2233582,0.8516693,0.03045612,0.002484924,-0.03325151,0.03045612,0.002484924,-0.03325151,0.489975,-0.2340546,0.8397064,0.489975,-0.2340546,0.8397064,2.997574,2.997574,True,True,True
2190015,63780534953741,-14.52335,2.854918,-1.343547,0.0009674313,0.9733273,0.05264218,-0.2232977,0.001542053,0.00196019,-0.0333297,0.4938812,-0.2236176,0.840271,0.03033254,0.002463654,-0.03332317,0.03033254,0.002463654,-0.03332317,0.5024567,-0.2418365,0.8300781,0.5024567,-0.2418365,0.8300781,2.865479,2.865479,True,True,True
2190023,63780534953752,-14.5234,2.854907,-1.343681,0.0007486866,0.973215,0.05244077,-0.2238349,-0.0003790284,0.001900391,-0.03333191,0.4856567,-0.2384644,0.8409729,0.0303073,0.002438217,-0.03332909,0.0303073,0.002438217,-0.03332909,0.4968872,-0.2547913,0.8295593,0.4968872,-0.2547913,0.8295593,2.832321,2.832321,True,True,True
2190031,63780534953764,-14.52355,2.854855,-1.343736,0.0005600873,0.9731105,0.05235952,-0.2243082,-0.001008408,0.0018806,-0.03331462,0.4805908,-0.2280426,0.846756,0.0303407,0.002426483,-0.03330432,0.0303407,0.002426483,-0.03330432,0.4874268,-0.2484131,0.8370667,0.4874268,-0.2484131,0.8370667,2.861481,2.861481,True,True,True
2190040,63780534953774,-14.52365,2.854794,-1.343828,0.0003997841,0.9729978,0.05220357,-0.224833,-0.001907181,0.001861008,-0.03332625,0.4887085,-0.2313385,0.8412018,0.03035185,0.002419953,-0.03332405,0.03035185,0.002419953,-0.03332405,0.5019379,-0.2468262,0.8289185,0.5019379,-0.2468262,0.8289185,2.868515,2.868515,True,True,True
2190048,63780534953774,-14.52365,2.854794,-1.343828,0.0003997841,0.9729978,0.05220357,-0.224833,-0.002285904,0.001855698,-0.03332575,0.4864655,-0.2314148,0.8424835,0.03034978,0.002422196,-0.03332822,0.03034978,0.002422196,-0.03332822,0.504776,-0.2477417,0.8269196,0.504776,-0.2477417,0.8269196,2.866577,2.866577,True,True,True
2190056,63780534953785,-14.52377,2.854736,-1.343896,0.0003319142,0.9728945,0.05203773,-0.2253181,-0.001973313,0.001861542,-0.03332402,0.4864349,-0.2335663,0.8419037,0.03035149,0.002422852,-0.03332549,0.03035149,0.002422852,-0.03332549,0.5016632,-0.2503357,0.8280334,0.5016632,-0.2503357,0.8280334,2.857834,2.857834,True,True,True
2190065,63780534953796,-14.52386,2.854659,-1.343923,9.205029E-05,0.9727957,0.05190253,-0.2257756,-0.0008971405,0.001880508,-0.03332236,0.486557,-0.2344208,0.8415985,0.03035321,0.002422196,-0.03332276,0.03035321,0.002422196,-0.03332276,0.5000153,-0.2523956,0.8283997,0.5000153,-0.2523956,0.8283997,2.8647,2.8647,True,True,True
2190073,63780534953808,-14.52395,2.854546,-1.343949,6.941066E-05,0.9727263,0.05174718,-0.2261101,0.0008291779,0.001911347,-0.03332121,0.4875031,-0.2344666,0.8410339,0.03035846,0.002422852,-0.03332111,0.03035846,0.002422852,-0.03332111,0.5005493,-0.2517853,0.8282623,0.5005493,-0.2517853,0.8282623,2.857483,2.857483,True,True,True
2190081,63780534953808,-14.52395,2.854546,-1.343949,6.941066E-05,0.9727263,0.05174718,-0.2261101,0.002700195,0.001944702,-0.03331952,0.4890747,-0.2350006,0.8399811,0.03036373,0.002423492,-0.03331946,0.03036373,0.002423492,-0.03331946,0.5010834,-0.2512512,0.8281097,0.5010834,-0.2512512,0.8281097,2.850311,2.850311,True,True,True
2190090,63780534953819,-14.52404,2.854503,-1.343997,-3.195991E-05,0.9726496,0.05162787,-0.2264674,0.003663696,0.001962082,-0.03331821,0.4894257,-0.2348938,0.839798,0.03036756,0.002423767,-0.03331842,0.03036756,0.002423767,-0.03331842,0.5010223,-0.2503967,0.8283997,0.5010223,-0.2503967,0.8283997,2.848572,2.848572,True,True,True
2190098,63780534953830,-14.524,2.854548,-1.34402,-3.928557E-05,0.9726106,0.05146791,-0.2266711,0.00331099,0.001957642,-0.03331743,0.4892883,-0.2344513,0.8399963,0.03037137,0.002424042,-0.03331737,0.03037137,0.002424042,-0.03331737,0.5009918,-0.2495117,0.8286896,0.5009918,-0.2495117,0.8286896,2.847061,2.847061,True,True,True
2190106,63780534953841,-14.52397,2.854574,-1.34409,-0.0001158117,0.9725742,0.05142258,-0.2268373,0.003304535,0.001961029,-0.03331649,0.4885559,-0.2350769,0.8402557,0.03037518,0.002427399,-0.033316,0.03037518,0.002427399,-0.033316,0.4998474,-0.2498779,0.8292694,0.4998474,-0.2498779,0.8292694,2.848679,2.848679,True,True,True
2190115,63780534953841,-14.52397,2.854574,-1.34409,-0.0001158117,0.9725742,0.05142258,-0.2268373,0.00320282,0.001962738,-0.03331523,0.4875946,-0.2356262,0.8406677,0.03037901,0.002430756,-0.03331464,0.03037901,0.002430756,-0.03331464,0.498642,-0.250351,0.8298492,0.498642,-0.250351,0.8298492,2.846436,2.846436,True,True,True
2190123,63780534953852,-14.52401,2.854548,-1.344112,-0.0001695453,0.9725601,0.05133921,-0.2269166,0.004824387,0.001993607,-0.03331383,0.4881744,-0.2356873,0.8403168,0.03038231,0.002433243,-0.0333131,0.03038231,0.002433243,-0.0333131,0.4988403,-0.2484894,0.8302917,0.4988403,-0.2484894,0.8302917,2.835114,2.835114,True,True,True
2190131,63780534953863,-14.52396,2.854507,-1.344255,-0.0002601278,0.9725528,0.05123669,-0.2269711,0.005027146,0.001999374,-0.03331232,0.4884491,-0.2347107,0.8404236,0.03038562,0.002435745,-0.03331157,0.03038562,0.002435745,-0.03331157,0.4993439,-0.2465668,0.8305664,0.4993439,-0.2465668,0.8305664,2.847473,2.847473,True,True,True
2190140,63780534953874,-14.52399,2.854489,-1.344296,-0.0003397366,0.9725861,0.05115834,-0.2268459,0.005162979,0.002003815,-0.03331079,0.4881439,-0.234848,0.8405609,0.03038916,0.002437943,-0.03331001,0.03038916,0.002437943,-0.03331001,0.4989319,-0.2464905,0.8308258,0.4989319,-0.2464905,0.8308258,2.835999,2.835999,True,True,True
2190148,63780534953874,-14.52399,2.854489,-1.344296,-0.0003397366,0.9725861,0.05115834,-0.2268459,0.005164246,0.002005951,-0.03330969,0.487793,-0.2349548,0.8407288,0.03039269,0.002440125,-0.03330844,0.03039269,0.002440125,-0.03330844,0.4985046,-0.2463837,0.8311157,0.4985046,-0.2463837,0.8311157,2.823975,2.823975,True,True,True
2190156,63780534953885,-14.52402,2.854541,-1.344406,-0.0003909028,0.972629,0.05118009,-0.2266573,0.005129029,0.002007004,-0.03330823,0.4878235,-0.2352905,0.8406219,0.03039417,0.002441528,-0.03330626,0.03039417,0.002441528,-0.03330626,0.4986877,-0.2466431,0.8309326,0.4986877,-0.2466431,0.8309326,2.836227,2.836227,True,True,True
2190165,63780534953897,-14.524,2.854543,-1.344538,-0.0003601163,0.9726762,0.05115503,-0.2264597,0.005577759,0.002016663,-0.03330612,0.4876099,-0.2355652,0.8406677,0.03039563,0.002442932,-0.03330408,0.03039563,0.002442932,-0.03330408,0.4995728,-0.2471466,0.8302612,0.4995728,-0.2471466,0.8302612,2.848541,2.848541,True,True,True
2190173,63780534953908,-14.52402,2.85455,-1.344588,-0.0004731463,0.9727415,0.05126979,-0.2261529,0.005047669,0.002010208,-0.03330249,0.4880066,-0.2350769,0.8405762,0.03039966,0.002444153,-0.03329938,0.03039966,0.002444153,-0.03329938,0.5005646,-0.2471466,0.8296509,0.5005646,-0.2471466,0.8296509,2.849274,2.849274,True,True,True
2190181,63780534953908,-14.52402,2.85455,-1.344588,-0.0004731463,0.9727415,0.05126979,-0.2261529,0.003254563,0.001980881,-0.0333022,0.4871216,-0.2342072,0.8413391,0.03039966,0.00244574,-0.03329898,0.03039966,0.00244574,-0.03329898,0.5005798,-0.2473755,0.8295746,0.5005798,-0.2473755,0.8295746,2.849258,2.849258,True,True,True
2190190,63780534953919,-14.52394,2.854595,-1.344647,-0.0004687734,0.9727919,0.0512683,-0.2259365,0.003247452,0.001984573,-0.03330008,0.486969,-0.2343903,0.8413696,0.03039966,0.002449463,-0.03329712,0.03039966,0.002449463,-0.03329712,0.5003357,-0.2470093,0.829834,0.5003357,-0.2470093,0.829834,2.829605,2.829605,True,True,True
2190198,63780534953930,-14.52394,2.854637,-1.344684,-0.0004651351,0.9728662,0.05139836,-0.2255865,0.003243363,0.001987869,-0.03329732,0.4871674,-0.2351685,0.8410339,0.03039966,0.002452179,-0.03329404,0.03039966,0.002452179,-0.03329404,0.5006409,-0.2475433,0.8294983,0.5006409,-0.2475433,0.8294983,2.849457,2.849457,True,True,True
2190206,63780534953941,-14.52396,2.854735,-1.344754,-0.0006325054,0.9729421,0.0515795,-0.2252177,0.003250427,0.001991318,-0.03329534,0.4866638,-0.2358551,0.8411255,0.03039966,0.002454132,-0.033292,0.03039966,0.002454132,-0.033292,0.5003815,-0.2480469,0.8294983,0.5003815,-0.2480469,0.8294983,2.829742,2.829742,True,True,True
2190215,63780534953941,-14.52396,2.854735,-1.344754,-0.0006325054,0.9729421,0.0515795,-0.2252177,0.00535138,0.002032334,-0.03322908,0.4748077,-0.2492523,0.8440399,0.03055635,0.002457031,-0.03322058,0.03055635,0.002457031,-0.03322058,0.4929962,-0.2633972,0.8291931,0.4929962,-0.2633972,0.8291931,2.795593,2.795593,True,True,True
2190223,63780534953952,-14.52388,2.854766,-1.344862,-0.0006631521,0.9729974,0.05175204,-0.2249386,0.002005371,0.002019959,-0.03305153,0.4142151,-0.228241,0.8810883,0.03089778,0.002490448,-0.03302147,0.03089778,0.002490448,-0.03302147,0.4313965,-0.2427979,0.868866,0.4313965,-0.2427979,0.868866,2.829422,2.829422,True,True,True
2190231,63780534953963,-14.52387,2.854776,-1.344859,-0.0007757504,0.9730633,0.0519629,-0.2246041,-0.003138672,0.002005539,-0.03286429,0.3403778,-0.1984711,0.9190979,0.03133933,0.002568131,-0.03281246,0.03133933,0.002568131,-0.03281246,0.358902,-0.2167358,0.9078522,0.358902,-0.2167358,0.9078522,2.815735,2.815735,True,True,True
2190240,63780534953974,-14.52383,2.854792,-1.344846,-0.0009204401,0.9731116,0.05219673,-0.22434,-0.006803772,0.002070999,-0.03270595,0.2763977,-0.1892548,0.942215,0.03178891,0.002688568,-0.03266135,0.03178891,0.002688568,-0.03266135,0.3021698,-0.2080841,0.9302521,0.3021698,-0.2080841,0.9302521,2.678421,2.678421,True,True,True
2190248,63780534953974,-14.52383,2.854792,-1.344846,-0.0009204401,0.9731116,0.05219673,-0.22434,-0.01074233,0.002081101,-0.0326058,0.1866913,-0.1592712,0.9694061,0.03213342,0.002755402,-0.03252951,0.03213342,0.002755402,-0.03252951,0.201828,-0.1742554,0.9637909,0.201828,-0.1742554,0.9637909,2.703735,2.703735,True,True,True
2190256,63780534953986,-14.5238,2.854828,-1.344822,-0.0009538104,0.9731792,0.05228743,-0.2240257,-0.01673734,0.002122055,-0.03261077,0.1388245,-0.154953,0.9781036,0.0324746,0.002832153,-0.03244147,0.0324746,0.002832153,-0.03244147,0.1633759,-0.1635132,0.9729156,0.1633759,-0.1635132,0.9729156,2.739288,2.739288,True,True,True
2190265,63780534953996,-14.52371,2.854833,-1.344895,-0.0007950579,0.9732518,0.05239976,-0.2236844,0.02297572,0.002572678,-0.03178813,0.1086121,-0.141983,0.9838867,0.03278442,0.002752976,-0.03188073,0.03278442,0.002752976,-0.03188073,0.1151581,-0.1461792,0.9825287,0.1151581,-0.1461792,0.9825287,2.734802,2.734802,True,True,True
2190273,63780534954007,-14.52363,2.854862,-1.344896,-0.0006199883,0.9733152,0.05253427,-0.2233771,-0.01878128,0.002039475,-0.03201058,0.02500916,-0.1255798,0.9917603,0.03310678,0.002576828,-0.03125086,0.03310678,0.002576828,-0.03125086,0.04736328,-0.1325531,0.990036,0.04736328,-0.1325531,0.990036,2.749603,2.749603,True,True,True
2190281,63780534954007,-14.52363,2.854862,-1.344896,-0.0006199883,0.9733152,0.05253427,-0.2233771,-0.02922669,0.002153275,-0.03269397,-0.02726746,-0.1223297,0.9921112,0.03340506,0.002845688,-0.03198299,0.03340506,0.002845688,-0.03198299,-0.00718689,-0.1261902,0.9919739,-0.00718689,-0.1261902,0.9919739,2.595947,2.595947,True,True,True
2190290,63780534954019,-14.52357,2.854855,-1.344834,-0.0004264041,0.9733874,0.0528022,-0.2229991,-0.03203624,0.002164139,-0.03261374,-0.07131958,-0.1092834,0.9914398,0.0336462,0.00280217,-0.03163378,0.0336462,0.00280217,-0.03163378,-0.03973389,-0.121521,0.9917908,-0.03973389,-0.121521,0.9917908,2.687195,2.687195,True,True,True
2190298,63780534954030,-14.52347,2.854886,-1.344848,-0.0003149108,0.9734691,0.0530073,-0.2225937,-0.03176894,0.002189514,-0.03255679,-0.07563782,-0.1064758,0.9914246,0.03371855,0.002891373,-0.03185356,0.03371855,0.002891373,-0.03185356,-0.04330444,-0.120224,0.9917908,-0.04330444,-0.120224,0.9917908,2.621704,2.621704,True,True,True
2190306,63780534954041,-14.52342,2.854928,-1.344812,-0.0002035933,0.9735743,0.05329673,-0.2220645,-0.02985201,0.002183258,-0.03241031,-0.07714844,-0.1098022,0.9909515,0.03372031,0.002858505,-0.03175267,0.03372031,0.002858505,-0.03175267,-0.03240967,-0.1352844,0.9902649,-0.03240967,-0.1352844,0.9902649,2.632385,2.632385,True,True,True
2190315,63780534954041,-14.52342,2.854928,-1.344812,-0.0002035933,0.9735743,0.05329673,-0.2220645,-0.01333856,0.002324555,-0.03212316,-0.0668335,-0.1129456,0.9913483,0.03371565,0.002849503,-0.03172585,0.03371565,0.002849503,-0.03172585,-0.03633118,-0.1305542,0.9907684,-0.03633118,-0.1305542,0.9907684,2.661621,2.661621,True,True,True
2190323,63780534954052,-14.5234,2.854959,-1.344754,-0.0002418762,0.9736543,0.05363226,-0.2216324,0.02052371,0.002692139,-0.03181532,-0.04458618,-0.1235657,0.9913177,0.0337202,0.0028405,-0.03170256,0.0337202,0.0028405,-0.03170256,-0.03504944,-0.1286621,0.9910583,-0.03504944,-0.1286621,0.9910583,2.634354,2.634354,True,True,True
2190331,63780534954063,-14.52332,2.854975,-1.34474,-0.0002252904,0.9737421,0.05389592,-0.2211826,0.03059561,0.002797257,-0.03172177,-0.04109192,-0.1301727,0.9906311,0.03373227,0.002832123,-0.03169443,0.03373227,0.002832123,-0.03169443,-0.03907776,-0.1313324,0.9905548,-0.03907776,-0.1313324,0.9905548,2.624283,2.624283,True,True,True
2190340,63780534954075,-14.52327,2.855029,-1.344708,-0.0002261121,0.9738367,0.05417066,-0.2206977,0.03276456,0.002847107,-0.03178291,-0.03514099,-0.1278076,0.9911652,0.0337386,0.002858322,-0.03177565,0.0337386,0.002858322,-0.03177565,-0.03443909,-0.1281281,0.9911499,-0.03443909,-0.1281281,0.9911499,2.696442,2.696442,True,True,True
2190348,63780534954075,-14.52327,2.855029,-1.344708,-0.0002261121,0.9738367,0.05417066,-0.2206977,0.02547516,0.002752441,-0.03181481,-0.04240417,-0.1369019,0.9896698,0.03374063,0.002846314,-0.03175037,0.03374063,0.002846314,-0.03175037,-0.03684998,-0.1412201,0.9892883,-0.03684998,-0.1412201,0.9892883,2.594864,2.594864,True,True,True
2190356,63780534954085,-14.52315,2.855074,-1.344794,-0.000111838,0.9739189,0.05447738,-0.2202597,0.0310872,0.002814102,-0.03176152,-0.03625488,-0.1386261,0.9896698,0.03374493,0.00284436,-0.03174083,0.03374493,0.00284436,-0.03174083,-0.03445435,-0.1399689,0.9895477,-0.03445435,-0.1399689,0.9895477,2.613754,2.613754,True,True,True
2190365,63780534954096,-14.52307,2.855107,-1.344755,-8.239754E-05,0.9740028,0.05486419,-0.2197918,0.02909212,0.002789292,-0.03176749,-0.03581238,-0.1366577,0.9899597,0.03374924,0.002842407,-0.03173128,0.03374924,0.002842407,-0.03173128,-0.03259277,-0.1389618,0.9897461,-0.03259277,-0.1389618,0.9897461,2.632813,2.632813,True,True,True
2190373,63780534954108,-14.52297,2.855147,-1.344693,8.408824E-05,0.9741142,0.05521101,-0.2192106,0.02249233,0.002692276,-0.0317742,-0.03938293,-0.1321259,0.990448,0.03375911,0.002818146,-0.03168399,0.03375911,0.002818146,-0.03168399,-0.03121948,-0.1374817,0.9900055,-0.03121948,-0.1374817,0.9900055,2.615326,2.615326,True,True,True
2190381,63780534954108,-14.52297,2.855147,-1.344693,8.408824E-05,0.9741142,0.05521101,-0.2192106,0.01199359,0.00255568,-0.0318161,-0.04634094,-0.1261597,0.990921,0.03376898,0.0027939,-0.0316367,0.03376898,0.0027939,-0.0316367,-0.02984619,-0.1360016,0.9902496,-0.02984619,-0.1360016,0.9902496,2.597809,2.597809,True,True,True
2190390,63780534954119,-14.52288,2.855196,-1.344631,0.0003505076,0.9742385,0.05552328,-0.2185787,0.008128648,0.002501984,-0.03181005,-0.05093384,-0.1241455,0.9909515,0.03377287,0.002778046,-0.031584,0.03377287,0.002778046,-0.031584,-0.03230286,-0.1357422,0.9902039,-0.03230286,-0.1357422,0.9902039,2.595627,2.595627,True,True,True
2190398,63780534954130,-14.52269,2.855238,-1.344512,0.000594095,0.9743834,0.05581004,-0.2178577,0.004357697,0.002450607,-0.03180756,-0.0552063,-0.1223602,0.9909363,0.03377675,0.002762192,-0.0315313,0.03377675,0.002762192,-0.0315313,-0.03474426,-0.1355286,0.9901581,-0.03474426,-0.1355286,0.9901581,2.594162,2.594162,True,True,True
2190406,63780534954141,-14.52275,2.855368,-1.344393,0.0007928321,0.9745477,0.05609435,-0.2170477,-0.002532669,0.002372269,-0.0318542,-0.06027222,-0.1191254,0.9910431,0.03377965,0.002751617,-0.03150135,0.03377965,0.002751617,-0.03150135,-0.03530884,-0.1350555,0.9902039,-0.03530884,-0.1350555,0.9902039,2.586823,2.586823,True,True,True
2190415,63780534954141,-14.52275,2.855368,-1.344393,0.0007928321,0.9745477,0.05609435,-0.2170477,-0.00893631,0.002300919,-0.03190047,-0.06492615,-0.1162109,0.9910889,0.03378255,0.002741028,-0.03147139,0.03378255,0.002741028,-0.03147139,-0.03587341,-0.134613,0.9902344,-0.03587341,-0.134613,0.9902344,2.579132,2.579132,True,True,True
2190423,63780534954152,-14.5226,2.855419,-1.344306,0.001006615,0.9747214,0.05639535,-0.2161868,-0.01097299,0.00227414,-0.0319092,-0.06358337,-0.1147919,0.9913483,0.03378711,0.002734696,-0.03146054,0.03378711,0.002734696,-0.03146054,-0.03347778,-0.133667,0.990448,-0.03347778,-0.133667,0.990448,2.587662,2.587662,True,True,True
2190431,63780534954163,-14.5226,2.855479,-1.344259,0.001232671,0.9749132,0.05669059,-0.2152414,-0.01107672,0.002269501,-0.03190779,-0.06092834,-0.114212,0.9915771,0.03379166,0.002730652,-0.03145186,0.03379166,0.002730652,-0.03145186,-0.03108215,-0.1332855,0.9905853,-0.03108215,-0.1332855,0.9905853,2.59584,2.59584,True,True,True
2190440,63780534954174,-14.52245,2.855543,-1.34419,0.001427109,0.9751015,0.05718832,-0.2142533,-0.008947465,0.002294205,-0.03189298,-0.05851746,-0.1153259,0.9915924,0.03379445,0.002732987,-0.03146054,0.03379445,0.002732987,-0.03146054,-0.02864075,-0.1333313,0.9906464,-0.02864075,-0.1333313,0.9906464,2.598541,2.598541,True,True,True
2190448,63780534954174,-14.52245,2.855543,-1.34419,0.001427109,0.9751015,0.05718832,-0.2142533,-0.003802857,0.002344498,-0.03183267,-0.05741882,-0.1194611,0.9911652,0.03379648,0.002730652,-0.03145186,0.03379648,0.002730652,-0.03145186,-0.02639771,-0.1332703,0.9907227,-0.02639771,-0.1332703,0.9907227,2.601654,2.601654,True,True,True
2190456,63780534954185,-14.52228,2.85557,-1.344138,0.001581991,0.9752876,0.05775851,-0.2132499,0.002692978,0.002401428,-0.03173706,-0.05235291,-0.122757,0.9910431,0.03379407,0.002729492,-0.03145078,0.03379407,0.002729492,-0.03145078,-0.02677917,-0.1340027,0.9906158,-0.02677917,-0.1340027,0.9906158,2.610535,2.610535,True,True,True
2190465,63780534954196,-14.52214,2.855652,-1.344039,0.001723457,0.9754918,0.05821913,-0.2121873,0.009441392,0.002468033,-0.03166332,-0.04876709,-0.1207275,0.9914856,0.03379166,0.002728348,-0.03144968,0.03379166,0.002728348,-0.03144968,-0.0271759,-0.1339264,0.9906158,-0.0271759,-0.1339264,0.9906158,2.619431,2.619431,True,True,True
2190473,63780534954207,-14.52201,2.855666,-1.343904,0.001850009,0.9756939,0.05890384,-0.2110649,0.01464987,0.002523453,-0.03161058,-0.04342651,-0.1244659,0.9912567,0.03379166,0.002728241,-0.03143732,0.03379166,0.002728241,-0.03143732,-0.0271759,-0.1347046,0.990509,-0.0271759,-0.1347046,0.990509,2.619431,2.619431,True,True,True
2190481,63780534954207,-14.52201,2.855666,-1.343904,0.001850009,0.9756939,0.05890384,-0.2110649,0.01687468,0.002545868,-0.03159077,-0.04069519,-0.1262512,0.9911499,0.03379166,0.00272612,-0.03143567,0.03379166,0.00272612,-0.03143567,-0.0271759,-0.1349487,0.9904785,-0.0271759,-0.1349487,0.9904785,2.619431,2.619431,True,True,True
2190490,63780534954219,-14.52197,2.855778,-1.343743,0.002149587,0.9758949,0.05942951,-0.2099825,0.01877785,0.002570419,-0.03161061,-0.03796387,-0.1274872,0.9911041,0.03379166,0.002722488,-0.03143387,0.03379166,0.002722488,-0.03143387,-0.02732849,-0.1347809,0.9904938,-0.02732849,-0.1347809,0.9904938,2.595963,2.595963,True,True,True
2190498,63780534954230,-14.52184,2.855859,-1.343662,0.002338027,0.976079,0.06000263,-0.2089596,0.02292636,0.002624268,-0.03163774,-0.0272522,-0.1306915,0.9910431,0.03373658,0.002733002,-0.03149584,0.03373658,0.002733002,-0.03149584,-0.01922607,-0.1362915,0.9904785,-0.01922607,-0.1362915,0.9904785,2.647537,2.647537,True,True,True
2190506,63780534954241,-14.5216,2.855961,-1.3436,0.002540681,0.9762311,0.0606564,-0.2080558,0.0266908,0.002647949,-0.03155019,-0.02986145,-0.1364136,0.9901886,0.03372435,0.002719803,-0.03146465,0.03372435,0.002719803,-0.03146465,-0.02557373,-0.1403198,0.9897614,-0.02557373,-0.1403198,0.9897614,2.55571,2.55571,True,True,True
2190515,63780534954241,-14.5216,2.855961,-1.3436,0.002540681,0.9762311,0.0606564,-0.2080558,0.02668822,0.002630051,-0.03151347,-0.02378845,-0.1274719,0.9915466,0.03371135,0.002706101,-0.0314375,0.03371135,0.002706101,-0.0314375,-0.01928711,-0.1305389,0.9912415,-0.01928711,-0.1305389,0.9912415,2.591476,2.591476,True,True,True
2190523,63780534954252,-14.52142,2.85603,-1.343521,0.002726763,0.9763933,0.06114705,-0.2071469,0.02642676,0.002595734,-0.03141809,-0.02780151,-0.1321259,0.9908295,0.03370151,0.002673523,-0.03133547,0.03370151,0.002673523,-0.03133547,-0.02384949,-0.1357574,0.990448,-0.02384949,-0.1357574,0.990448,2.603333,2.603333,True,True,True
2190531,63780534954263,-14.52116,2.85618,-1.343482,0.002958423,0.9765428,0.0616927,-0.2062749,0.02426108,0.002558395,-0.03140125,-0.02935791,-0.1296387,0.9911194,0.03369771,0.00265715,-0.03128644,0.03369771,0.00265715,-0.03128644,-0.02384949,-0.1344604,0.9906158,-0.02384949,-0.1344604,0.9906158,2.558411,2.558411,True,True,True
2190540,63780534954274,-14.52103,2.856241,-1.343339,0.003197053,0.9766793,0.0622642,-0.2054522,0.01709139,0.002474503,-0.03146718,-0.03094482,-0.1251678,0.9916382,0.03369391,0.002640778,-0.03123743,0.03369391,0.002640778,-0.03123743,-0.02322388,-0.1330872,0.9908295,-0.02322388,-0.1330872,0.9908295,2.605545,2.605545,True,True,True
2190548,63780534954274,-14.52103,2.856241,-1.343339,0.003197053,0.9766793,0.0622642,-0.2054522,0.009405579,0.002399612,-0.0315874,-0.03468323,-0.1233521,0.991745,0.03369112,0.002631821,-0.03121193,0.03369112,0.002631821,-0.03121193,-0.02030945,-0.1324005,0.9909821,-0.02030945,-0.1324005,0.9909821,2.606613,2.606613,True,True,True
2190556,63780534954285,-14.52088,2.856337,-1.343238,0.003349525,0.9768289,0.0627152,-0.2045996,0.006104324,0.002375733,-0.03167184,-0.03463745,-0.1183014,0.9923706,0.03368833,0.002622849,-0.03118643,0.03368833,0.002622849,-0.03118643,-0.01741028,-0.1317902,0.9911194,-0.01741028,-0.1317902,0.9911194,2.606735,2.606735,True,True,True
2190565,63780534954296,-14.52073,2.856449,-1.343141,0.003690553,0.9769603,0.06315067,-0.2038309,0.002876831,0.002345291,-0.03173307,-0.03538513,-0.1168671,0.9925079,0.03368524,0.002613022,-0.03116443,0.03368524,0.002613022,-0.03116443,-0.01687622,-0.1310577,0.9912262,-0.01687622,-0.1310577,0.9912262,2.584076,2.584076,True,True,True
2190573,63780534954307,-14.52065,2.856509,-1.343049,0.00393472,0.9770684,0.0636479,-0.2031522,0.01022481,0.002406494,-0.03160533,-0.02966309,-0.1195679,0.9923706,0.03368216,0.002607025,-0.03115756,0.03368216,0.002607025,-0.03115756,-0.01603699,-0.1298828,0.991394,-0.01603699,-0.1298828,0.991394,2.607635,2.607635,True,True,True
2190581,63780534954307,-14.52065,2.856509,-1.343049,0.00393472,0.9770684,0.0636479,-0.2031522,0.01793132,0.002469742,-0.03145052,-0.02322388,-0.1236877,0.9920349,0.03367917,0.002605103,-0.03114999,0.03367917,0.002605103,-0.03114999,-0.01330566,-0.1300354,0.9914093,-0.01330566,-0.1300354,0.9914093,2.584244,2.584244,True,True,True
2190590,63780534954319,-14.52056,2.856613,-1.342954,0.004103626,0.9771565,0.06414748,-0.2025671,0.02525008,0.002527145,-0.03129512,-0.01554871,-0.1273804,0.9917297,0.03367618,0.00260318,-0.03114241,0.03367618,0.00260318,-0.03114241,-0.01057434,-0.1300507,0.9914398,-0.01057434,-0.1300507,0.9914398,2.561356,2.561356,True,True,True
2190598,63780534954330,-14.52054,2.856698,-1.342883,0.004332284,0.9772527,0.06458534,-0.2019584,0.02687865,0.002540146,-0.03126193,-0.01623535,-0.1266632,0.991806,0.03367305,0.002602631,-0.0311411,0.03367305,0.002602631,-0.0311411,-0.01144409,-0.1302185,0.9914093,-0.01144409,-0.1302185,0.9914093,2.538574,2.538574,True,True,True
2190606,63780534954340,-14.52046,2.856827,-1.342842,0.004453305,0.9773356,0.06499997,-0.2014208,0.02381244,0.002509857,-0.03131105,-0.01846313,-0.1264343,0.9917908,0.03366991,0.002602082,-0.03113977,0.03366991,0.002602082,-0.03113977,-0.01229858,-0.1303864,0.9913788,-0.01229858,-0.1303864,0.9913788,2.516022,2.516022,True,True,True
2190615,63780534954340,-14.52046,2.856827,-1.342842,0.004453305,0.9773356,0.06499997,-0.2014208,0.02063399,0.002477875,-0.03135752,-0.01863098,-0.1273804,0.9916687,0.03366664,0.00260199,-0.03113591,0.03366664,0.00260199,-0.03113591,-0.01109314,-0.131134,0.9912872,-0.01109314,-0.131134,0.9912872,2.525391,2.525391,True,True,True
2190623,63780534954352,-14.52044,2.856915,-1.342816,0.004667339,0.9774079,0.06541501,-0.2009299,0.019274,0.002463715,-0.03137528,-0.01844788,-0.1276093,0.9916382,0.03366339,0.002601914,-0.03113203,0.03366339,0.002601914,-0.03113203,-0.009887695,-0.1318665,0.9912109,-0.009887695,-0.1318665,0.9912109,2.534439,2.534439,True,True,True
2190631,63780534954363,-14.52044,2.857001,-1.342685,0.004643526,0.9774487,0.06576458,-0.200618,0.01992882,0.002468506,-0.03136009,-0.01615906,-0.1281586,0.9916077,0.03366031,0.002601395,-0.03112967,0.03366031,0.002601395,-0.03112967,-0.007492065,-0.1322479,0.9911804,-0.007492065,-0.1322479,0.9911804,2.5289,2.5289,True,True,True
2190640,63780534954374,-14.52036,2.856989,-1.342516,0.004645386,0.9774809,0.06611271,-0.2003465,0.02257564,0.002490921,-0.03130568,-0.01246643,-0.1289368,0.9915619,0.03365723,0.002600876,-0.03112731,0.03365723,0.002600876,-0.03112731,-0.005020142,-0.1323395,0.9911804,-0.005020142,-0.1323395,0.9911804,2.534485,2.534485,True,True,True
2190648,63780534954374,-14.52036,2.856989,-1.342516,0.004645386,0.9774809,0.06611271,-0.2003465,0.02371492,0.0024935,-0.03127468,-0.0131073,-0.1282654,0.9916382,0.0336499,0.002593475,-0.03112094,0.0336499,0.002593475,-0.03112094,-0.006637573,-0.1312408,0.9913177,-0.006637573,-0.1312408,0.9913177,2.534653,2.534653,True,True,True
2190656,63780534954385,-14.52048,2.85708,-1.342333,0.004658263,0.9775174,0.06635141,-0.2000889,0.02380988,0.002488602,-0.03126642,-0.0128479,-0.1280823,0.9916687,0.03364261,0.002589203,-0.0311209,0.03364261,0.002589203,-0.0311209,-0.006500244,-0.1311493,0.991333,-0.006500244,-0.1311493,0.991333,2.536545,2.536545,True,True,True
2190665,63780534954396,-14.5205,2.857061,-1.342176,0.004654317,0.9775131,0.06666758,-0.200005,0.02646526,0.002499451,-0.03117088,-0.01217651,-0.1330109,0.9910278,0.03358701,0.002573715,-0.0310728,0.03358701,0.002573715,-0.0310728,-0.007553101,-0.1360321,0.9906616,-0.007553101,-0.1360321,0.9906616,2.478806,2.478806,True,True,True
2190673,63780534954407,-14.52062,2.857133,-1.342053,0.004547259,0.9775279,0.06679852,-0.1998916,0.02651793,0.002594971,-0.03127147,-0.005966187,-0.1228485,0.9924011,0.03357053,0.002669357,-0.03117473,0.03357053,0.002669357,-0.03117473,-0.001495361,-0.1283569,0.9917145,-0.001495361,-0.1283569,0.9917145,2.39624,2.39624,True,True,True
2190681,63780534954407,-14.52062,2.857133,-1.342053,0.004547259,0.9775279,0.06679852,-0.1998916,0.02439108,0.002642319,-0.03124744,-0.003128052,-0.09367371,0.9955902,0.03353391,0.002730408,-0.03109487,0.03353391,0.002730408,-0.03109487,0.002334595,-0.09657288,0.9953156,0.002334595,-0.09657288,0.9953156,2.412827,2.412827,True,True,True
2190690,63780534954419,-14.52074,2.857144,-1.341938,0.004527062,0.9775193,0.06691083,-0.1998964,0.02239555,0.002652405,-0.03128994,0.001098633,-0.1017914,0.9947968,0.03352054,0.002762024,-0.03111041,0.03352054,0.002762024,-0.03111041,0.00944519,-0.1061249,0.9942932,0.00944519,-0.1061249,0.9942932,2.490845,2.490845,True,True,True
2190698,63780534954430,-14.52089,2.857218,-1.34188,0.004418916,0.9775023,0.06695965,-0.1999654,0.02084372,0.002629212,-0.03133997,-7.629395E-05,-0.08457947,0.9964142,0.03354018,0.002752518,-0.03113988,0.03354018,0.002752518,-0.03113988,0.009414673,-0.0848999,0.9963379,0.009414673,-0.0848999,0.9963379,2.557877,2.557877,True,True,True
2190706,63780534954441,-14.521,2.857186,-1.34183,0.004238729,0.9774908,0.06712217,-0.1999713,0.01921074,0.002589859,-0.03131681,0.001800537,-0.09173584,0.9957733,0.03354974,0.002729508,-0.03109441,0.03354974,0.002729508,-0.03109441,0.01382446,-0.09289551,0.995575,0.01382446,-0.09289551,0.995575,2.473602,2.473602,True,True,True
2190715,63780534954441,-14.521,2.857186,-1.34183,0.004238729,0.9774908,0.06712217,-0.1999713,0.01857602,0.002582993,-0.03134518,-0.00390625,-0.09805298,0.995163,0.03356021,0.002734131,-0.0311337,0.03356021,0.002734131,-0.0311337,0.006103516,-0.1034393,0.9946136,0.006103516,-0.1034393,0.9946136,2.474106,2.474106,True,True,True
2190723,63780534954452,-14.52115,2.857163,-1.341699,0.004176124,0.9774307,0.06720202,-0.200239,0.01766223,0.002577011,-0.0313638,-0.003173828,-0.09629822,0.9953461,0.03356195,0.002737061,-0.03113789,0.03356195,0.002737061,-0.03113789,0.007873535,-0.1019592,0.994751,0.007873535,-0.1019592,0.994751,2.50087,2.50087,True,True,True
2190731,63780534954463,-14.5212,2.857158,-1.341596,0.004043931,0.9773899,0.0672965,-0.2004091,0.01685677,0.002572144,-0.03138104,-0.002700806,-0.09539795,0.9954224,0.03356369,0.00273999,-0.03114209,0.03356369,0.00273999,-0.03114209,0.009262085,-0.1007538,0.9948578,0.009262085,-0.1007538,0.9948578,2.474808,2.474808,True,True,True
2190740,63780534954474,-14.52131,2.857146,-1.341526,0.003977416,0.9773572,0.06728983,-0.2005721,0.01632077,0.002573212,-0.0314057,-0.004226685,-0.0932312,0.9956207,0.03356545,0.002747132,-0.03116066,0.03356545,0.002747132,-0.03116066,0.008361816,-0.09780884,0.995163,0.008361816,-0.09780884,0.995163,2.454224,2.454224,True,True,True
2190748,63780534954474,-14.52131,2.857146,-1.341526,0.003977416,0.9773572,0.06728983,-0.2005721,0.0148035,0.002559586,-0.03142351,-0.006439209,-0.0930481,0.995636,0.0335672,0.002747681,-0.03115051,0.0335672,0.002747681,-0.03115051,0.007476807,-0.09799194,0.9951477,0.007476807,-0.09799194,0.9951477,2.433502,2.433502,True,True,True
2190756,63780534954485,-14.52133,2.857127,-1.341441,0.003986979,0.9773034,0.06736805,-0.2008077,0.01459509,0.002562012,-0.03144328,-0.007324219,-0.09184265,0.9957428,0.03357004,0.002750977,-0.03116487,0.03357004,0.002750977,-0.03116487,0.006134033,-0.09634399,0.9953156,0.006134033,-0.09634399,0.9953156,2.454132,2.454132,True,True,True
2190765,63780534954496,-14.52147,2.857111,-1.341348,0.003966369,0.9772524,0.06739864,-0.2010456,0.01374445,0.002558106,-0.03147261,-0.008834839,-0.09065247,0.9958344,0.03357288,0.002754273,-0.03117922,0.03357288,0.002754273,-0.03117922,0.004470825,-0.09489441,0.9954681,0.004470825,-0.09489441,0.9954681,2.433502,2.433502,True,True,True
2190773,63780534954507,-14.52152,2.857119,-1.341272,0.003954373,0.9772027,0.06743781,-0.2012746,0.01322376,0.002556442,-0.03149417,-0.009735107,-0.09016418,0.9958649,0.03357624,0.00275734,-0.03119318,0.03357624,0.00275734,-0.03119318,0.003448486,-0.09432983,0.9955292,0.003448486,-0.09432983,0.9955292,2.439056,2.439056,True,True,True
2190781,63780534954507,-14.52152,2.857119,-1.341272,0.003954373,0.9772027,0.06743781,-0.2012746,0.01238893,0.002551727,-0.03152037,-0.01109314,-0.0896759,0.9958954,0.03357959,0.002760407,-0.03120714,0.03357959,0.002760407,-0.03120714,0.002334595,-0.09371948,0.9955902,0.002334595,-0.09371948,0.9955902,2.433212,2.433212,True,True,True
2190790,63780534954518,-14.52167,2.857088,-1.341219,0.003988915,0.9771824,0.06742987,-0.2013751,0.01459795,0.002578018,-0.03149262,-0.009811401,-0.09124756,0.9957733,0.03358309,0.002764557,-0.0312076,0.03358309,0.002764557,-0.0312076,0.002151489,-0.09512329,0.9954529,0.002151489,-0.09512329,0.9954529,2.438568,2.438568,True,True,True
2190798,63780534954530,-14.52172,2.857112,-1.341259,0.003843348,0.9771462,0.06741725,-0.2015576,0.0148071,0.00258461,-0.03149434,-0.009872437,-0.09172058,0.9957275,0.03358658,0.002768723,-0.03120806,0.03358658,0.002768723,-0.03120806,0.001876831,-0.09568787,0.9954071,0.001876831,-0.09568787,0.9954071,2.432983,2.432983,True,True,True
2190806,63780534954541,-14.52178,2.857111,-1.34119,0.003727256,0.9771106,0.06750546,-0.2017028,0.01498026,0.0025896,-0.03149869,-0.009475708,-0.09049988,0.9958496,0.03359062,0.002770508,-0.03120981,0.03359062,0.002770508,-0.03120981,0.002471924,-0.09385681,0.995575,0.002471924,-0.09385681,0.995575,2.430954,2.430954,True,True,True
2190814,63780534954541,-14.52178,2.857111,-1.34119,0.003727256,0.9771106,0.06750546,-0.2017028,0.01549857,0.002597885,-0.0314975,-0.008850098,-0.08929443,0.9959564,0.03359468,0.002772293,-0.03121156,0.03359468,0.002772293,-0.03121156,0.003067017,-0.09197998,0.9957428,0.003067017,-0.09197998,0.9957428,2.429184,2.429184,True,True,True
2190823,63780534954552,-14.52191,2.857092,-1.341084,0.003747312,0.9770975,0.06747901,-0.2017749,0.01625418,0.002608032,-0.03150266,-0.007965088,-0.08859253,0.9960327,0.03359751,0.002772385,-0.0312233,0.03359751,0.002772385,-0.0312233,0.003585815,-0.0909729,0.9958344,0.003585815,-0.0909729,0.9958344,2.431137,2.431137,True,True,True
2190831,63780534954563,-14.52198,2.857104,-1.340997,0.003689121,0.9770867,0.06744668,-0.2018388,0.01771187,0.002624481,-0.03149584,-0.006607056,-0.08825684,0.9960632,0.03360035,0.002772476,-0.03123503,0.03360035,0.002772476,-0.03123503,0.004104614,-0.08990479,0.9959259,0.004104614,-0.08990479,0.9959259,2.433548,2.433548,True,True,True
2190839,63780534954574,-14.52209,2.857127,-1.340914,0.003646349,0.9770868,0.06747184,-0.2018309,0.01901579,0.002646347,-0.03147873,-0.005508423,-0.09008789,0.9959106,0.033606,0.002782349,-0.03123616,0.033606,0.002782349,-0.03123616,0.004333496,-0.09213257,0.9957275,0.004333496,-0.09213257,0.9957275,2.428375,2.428375,True,True,True
2190848,63780534954574,-14.52209,2.857127,-1.340914,0.003646349,0.9770868,0.06747184,-0.2018309,0.01962358,0.002654068,-0.03147394,-0.004516602,-0.0884552,0.9960632,0.03361366,0.002782898,-0.03124017,0.03361366,0.002782898,-0.03124017,0.005187988,-0.08961487,0.9959564,0.005187988,-0.08961487,0.9959564,2.42598,2.42598,True,True,True
2190856,63780534954585,-14.5221,2.857085,-1.34087,0.003613059,0.977104,0.06751399,-0.201734,0.01914836,0.002663132,-0.03151115,-0.005523682,-0.08851624,0.996048,0.03362111,0.002798721,-0.03127748,0.03362111,0.002798721,-0.03127748,0.004455566,-0.08938599,0.9959717,0.004455566,-0.08938599,0.9959717,2.425735,2.425735,True,True,True
2190864,63780534954596,-14.52211,2.857076,-1.340792,0.003658046,0.9771286,0.06748419,-0.2016239,0.01733429,0.002652741,-0.03154521,-0.006149292,-0.08937073,0.9959717,0.03362598,0.002807221,-0.03128371,0.03362598,0.002807221,-0.03128371,0.005645752,-0.09091187,0.9958344,0.005645752,-0.09091187,0.9958344,2.428085,2.428085,True,True,True
2190873,63780534954608,-14.52215,2.857073,-1.340663,0.00360548,0.9771452,0.06751591,-0.2015339,0.01493898,0.002631363,-0.03158969,-0.006835938,-0.08680725,0.9961853,0.03363236,0.002809159,-0.03129196,0.03363236,0.002809159,-0.03129196,0.007064819,-0.08769226,0.996109,0.007064819,-0.08769226,0.996109,2.429733,2.429733,True,True,True
2190881,63780534954608,-14.52215,2.857073,-1.340663,0.00360548,0.9771452,0.06751591,-0.2015339,0.01172847,0.002605393,-0.03164087,-0.009399414,-0.08963013,0.9959259,0.03363528,0.002815979,-0.03129196,0.03363528,0.002815979,-0.03129196,0.006835938,-0.09249878,0.9956818,0.006835938,-0.09249878,0.9956818,2.429214,2.429214,True,True,True
2190889,63780534954619,-14.5222,2.85709,-1.340562,0.003646865,0.9771662,0.06753872,-0.2014236,0.009263108,0.00258165,-0.03168021,-0.01069641,-0.0869751,0.9961395,0.03363956,0.002815979,-0.03129196,0.03363956,0.002815979,-0.03129196,0.007171631,-0.08905029,0.9959869,0.007171631,-0.08905029,0.9959869,2.435974,2.435974,True,True,True
2190898,63780534954631,-14.52224,2.857061,-1.340467,0.00371818,0.9771867,0.06766939,-0.2012788,0.00782756,0.002567825,-0.0317031,-0.01231384,-0.08683777,0.9961395,0.03364192,0.002815979,-0.03129196,0.03364192,0.002815979,-0.03129196,0.006256104,-0.08911133,0.9959869,0.006256104,-0.08911133,0.9959869,2.429535,2.429535,True,True,True
2190906,63780534954641,-14.52218,2.857118,-1.340428,0.003662351,0.9772094,0.06779601,-0.2011273,0.007605622,0.002565674,-0.03170658,-0.01387024,-0.08612061,0.9961853,0.03364624,0.002815979,-0.03129196,0.03364624,0.002815979,-0.03129196,0.005065918,-0.0879364,0.996109,0.005065918,-0.0879364,0.996109,2.436035,2.436035,True,True,True
2190914,63780534954641,-14.52218,2.857118,-1.340428,0.003662351,0.9772094,0.06779601,-0.2011273,0.008289597,0.002572251,-0.03169212,-0.01359558,-0.08462524,0.9963074,0.03364636,0.002815979,-0.03129196,0.03364636,0.002815979,-0.03129196,0.004699707,-0.08583069,0.9962921,0.004699707,-0.08583069,0.9962921,2.436249,2.436249,True,True,True
2190923,63780534954653,-14.52218,2.857151,-1.340309,0.003693382,0.9772345,0.06795342,-0.200951,0.009628479,0.002585129,-0.03166793,-0.01374817,-0.0847168,0.9963074,0.03364636,0.002815994,-0.03129196,0.03364636,0.002815994,-0.03129196,0.002426147,-0.08570862,0.9963074,0.002426147,-0.08570862,0.9963074,2.43985,2.43985,True,True,True
2190931,63780534954664,-14.52219,2.857158,-1.340144,0.003703399,0.9772407,0.06809352,-0.2008738,0.0114856,0.002602753,-0.03162444,-0.01242065,-0.08406067,0.9963684,0.03364658,0.002815994,-0.03128371,0.03364658,0.002815994,-0.03128371,0.002548218,-0.08383179,0.9964752,0.002548218,-0.08383179,0.9964752,2.452484,2.452484,True,True,True
2190939,63780534954675,-14.52225,2.857182,-1.339999,0.00375025,0.9772373,0.06831898,-0.200813,0.00207927,0.002484207,-0.0316279,-0.01713562,-0.08143616,0.996521,0.03364858,0.002765305,-0.0310231,0.03364858,0.002765305,-0.0310231,0.00567627,-0.07876587,0.9968719,0.00567627,-0.07876587,0.9968719,2.471649,2.471649,True,True,True
2190948,63780534954675,-14.52225,2.857182,-1.339999,0.00375025,0.9772373,0.06831898,-0.200813,0.009585098,0.002623291,-0.03162755,-0.01544189,-0.08076477,0.9966125,0.03365505,0.002901016,-0.03135579,0.03365505,0.002901016,-0.03135579,0.001251221,-0.08651733,0.9962463,0.001251221,-0.08651733,0.9962463,2.449768,2.449768,True,True,True
2190956,63780534954686,-14.52233,2.857212,-1.3398,0.003798552,0.9772219,0.06850214,-0.2008244,0.02140537,0.002627457,-0.03105087,-0.003814697,-0.0766449,0.9970398,0.03365102,0.002757157,-0.03090145,0.03365102,0.002757157,-0.03090145,0.006729126,-0.074646,0.9971771,0.006729126,-0.074646,0.9971771,2.430527,2.430527,True,True,True
2190964,63780534954697,-14.52231,2.857228,-1.33972,0.003918828,0.9772254,0.06887265,-0.2006784,0.0198703,0.002578262,-0.0309258,-0.007705688,-0.08294678,0.996521,0.03363911,0.00271051,-0.03070984,0.03363911,0.00271051,-0.03070984,0.002700806,-0.08241272,0.996582,0.002700806,-0.08241272,0.996582,2.437012,2.437012,True,True,True
2190973,63780534954708,-14.52234,2.857307,-1.339587,0.003958137,0.9772095,0.06917597,-0.2006504,0.0330656,0.002764221,-0.03085411,-0.00227356,-0.07827759,0.9969177,0.03361652,0.002771317,-0.03085268,0.03361652,0.002771317,-0.03085268,-0.00201416,-0.07814026,0.996933,-0.00201416,-0.07814026,0.996933,2.465118,2.465118,True,True,True
2190981,63780534954708,-14.52234,2.857307,-1.339587,0.003958137,0.9772095,0.06917597,-0.2006504,0.03253879,0.002749603,-0.03072464,-0.01582336,-0.0684967,0.9975128,0.03364505,0.002759247,-0.03070595,0.03364505,0.002759247,-0.03070595,-0.01519775,-0.06825256,0.9975433,-0.01519775,-0.06825256,0.9975433,2.430389,2.430389,True,True,True
2190989,63780534954719,-14.52242,2.857395,-1.339451,0.004102896,0.977221,0.0694961,-0.200481,0.03051354,0.003061966,-0.03142914,-0.02658081,-0.08555603,0.9959717,0.03368182,0.00309755,-0.03139764,0.03368182,0.00309755,-0.03139764,-0.02508545,-0.08779907,0.9958191,-0.02508545,-0.08779907,0.9958191,2.547684,2.547684,True,True,True
2190998,63780534954731,-14.52243,2.857444,-1.33931,0.004075997,0.9772031,0.06995127,-0.2004108,0.03022029,0.003058624,-0.03108779,-0.02723694,-0.08459473,0.9960327,0.0336853,0.003091736,-0.03103568,0.0336853,0.003091736,-0.03103568,-0.02552795,-0.0869751,0.9958801,-0.02552795,-0.0869751,0.9958801,2.520523,2.520523,True,True,True
2191006,63780534954741,-14.52244,2.857503,-1.339254,0.004206483,0.9771895,0.07028236,-0.200358,0.02696236,0.00315007,-0.03127056,-0.0267334,-0.1012421,0.9944916,0.03369939,0.00321463,-0.03120023,0.03369939,0.00321463,-0.03120023,-0.02272034,-0.1061859,0.9940796,-0.02272034,-0.1061859,0.9940796,2.357269,2.357269,True,True,True
2191014,63780534954741,-14.52244,2.857503,-1.339254,0.004206483,0.9771895,0.07028236,-0.200358,-0.001,-0.001,-0.001,1,-1,-1,0.03373589,0.003333756,-0.03122632,0.03373589,0.003333756,-0.03122632,0,0,0,0,0,0,-1,-1,False,True,True
2191023,63780534954753,-14.52246,2.857544,-1.3391,0.004229501,0.9771593,0.07077454,-0.2003319,-0.001,-0.001,-0.001,1,-1,-1,0.03381717,0.003472382,-0.03151599,0.03381717,0.003472382,-0.03151599,0,0,0,0,0,0,-1,-1,False,True,True
2191031,63780534954764,-14.52254,2.857532,-1.338935,0.004347838,0.9771492,0.07119615,-0.2002288,-0.001,-0.001,-0.001,1,-1,-1,0.03382279,0.003440109,-0.03118955,0.03382279,0.003440109,-0.03118955,0,0,0,0,0,0,-1,-1,False,True,True
2191039,63780534954775,-14.52246,2.857637,-1.338823,0.004536654,0.9771315,0.07156602,-0.2001793,-0.001,-0.001,-0.001,1,-1,-1,0.03386061,0.003470596,-0.03115509,0.03386061,0.003470596,-0.03115509,0,0,0,0,0,0,-1,-1,False,True,True
2191048,63780534954775,-14.52246,2.857637,-1.338823,0.004536654,0.9771315,0.07156602,-0.2001793,-0.001,-0.001,-0.001,1,-1,-1,0.03391866,0.003534088,-0.03141722,0.03391866,0.003534088,-0.03141722,0,0,0,0,0,0,-1,-1,False,True,True
2191056,63780534954786,-14.52247,2.857682,-1.338654,0.004605166,0.977131,0.07200419,-0.2000233,-0.001,-0.001,-0.001,1,-1,-1,0.03395558,0.003392975,-0.03089421,0.03395558,0.003392975,-0.03089421,0,0,0,0,0,0,-1,-1,False,True,True
2191064,63780534954797,-14.52233,2.857723,-1.338575,0.004665412,0.9771261,0.07247512,-0.1998753,-0.001,-0.001,-0.001,1,-1,-1,0.03391632,0.002755982,-0.03263548,0.03391632,0.002755982,-0.03263548,0,0,0,0,0,0,-1,-1,False,True,True
2191073,63780534954808,-14.52233,2.857787,-1.338412,0.004830132,0.9771132,0.07290376,-0.1997783,-0.001,-0.001,-0.001,1,-1,-1,0.03352346,0.002345703,-0.03122093,0.03352346,0.002345703,-0.03122093,0,0,0,0,0,0,-1,-1,False,True,True
2191081,63780534954808,-14.52233,2.857787,-1.338412,0.004830132,0.9771132,0.07290376,-0.1997783,-0.001,-0.001,-0.001,1,-1,-1,0.0341133,0.003452988,-0.03143679,0.0341133,0.003452988,-0.03143679,0,0,0,0,0,0,-1,-1,False,True,True
2191089,63780534954819,-14.52227,2.857859,-1.338314,0.004813178,0.9770958,0.07342453,-0.1996737,-0.001,-0.001,-0.001,1,-1,-1,0.03415677,0.003404618,-0.03134781,0.03415677,0.003404618,-0.03134781,0,0,0,0,0,0,-1,-1,False,True,True
