OcutimeStamp,UnityTimeStamp,leftPor.x,leftPor.y,rightPor.x,rightPor.y,cameraPosition.x,cameraPosition.y,cameraPosition.z,cameraRotation.x,cameraRotation.y,cameraRotation.z,cameraRotation.w,torsoPosition.x,torsoPosition.y,torsoPosition.z,torsoRotation.x,torsoRotation.y,torsoRotation.z,torsoRotation.w,meanBasePoint.x,meanBasePoint.y,meanBasePoint.z,meanGazeDirection.x,meanGazeDirection.y,meanGazeDirection.z,leftBasePoint.x,leftBasePoint.y,leftBasePoint.z,rightBasePoint.x,rightBasePoint.y,rightBasePoint.z,leftEyeDirection.x,leftEyeDirection.y,leftEyeDirection.z,rightEyeDirection.x,rightEyeDirection.y,rightEyeDirection.z,pupilDiameterL,pupilDiameterR,valL,valR
6353954546,63784329081142,0.5291598,0.4821615,0.4627146,0.4812131,-14.80227,2.678918,-0.9981953,0.02991904,0.9940917,-0.02208585,0.1019749,0,0,0,0,0,0,0,14.80243,-2.674872,0.9779385,-0.0170795,-0.9997721,-0.01280641,-0.02936702,0.003694031,-0.01981796,0.02968225,0.004396927,-0.02069554,0.004333496,-0.05502319,0.9984741,-0.02536011,-0.05984497,0.997879,0.002156158,0.002231125,True,True
6353954689,63784329081142,0.5300767,0.4821768,0.4615752,0.4808043,-14.80227,2.678918,-0.9981953,0.02991904,0.9940917,-0.02208585,0.1019749,0,0,0,0,0,0,0,14.80243,-2.674872,0.9779378,-0.01708117,-0.9997721,-0.01280658,-0.02936607,0.003694031,-0.01981796,0.02968179,0.004396927,-0.02069702,0.006759644,-0.05497742,0.9984589,-0.02836609,-0.06103516,0.9977264,0.002163116,0.002246307,True,True
6353954814,63784329081142,0.5300532,0.4833164,0.4616621,0.4809505,-14.80227,2.678918,-0.9981953,0.02991904,0.9940917,-0.02208585,0.1019749,0,0,0,0,0,0,0,14.80243,-2.674882,0.9779378,-0.01708086,-0.9997721,-0.01280608,-0.02936569,0.003673111,-0.01981671,0.02968048,0.004397782,-0.0206983,0.006698608,-0.05163574,0.998642,-0.02813721,-0.06060791,0.997757,0.002166718,0.002250427,True,True
6353954952,63784329081146,0.5300761,0.4836596,0.4617027,0.4809821,-14.80211,2.678828,-0.9981571,0.02987533,0.9940598,-0.02211024,0.1022929,0,0,0,0,0,0,0,14.80227,-2.674793,0.9778982,-0.01710361,-0.9997721,-0.01277198,-0.02936569,0.003672073,-0.01981671,0.02967972,0.004398514,-0.02070097,0.006759644,-0.05062866,0.9986877,-0.0280304,-0.06051636,0.9977722,0.002172958,0.002259171,True,True
6353955097,63784329081146,0.5300474,0.4836908,0.4616222,0.4812635,-14.80211,2.678828,-0.9981571,0.02987533,0.9940598,-0.02211024,0.1022929,0,0,0,0,0,0,0,14.80227,-2.674793,0.9778976,-0.01710452,-0.9997721,-0.01277188,-0.02936458,0.003671417,-0.019813,0.02967899,0.004399948,-0.02070587,0.00668335,-0.05053711,0.9986877,-0.02824402,-0.05969238,0.9978027,0.002193131,0.002264908,True,True
6353955170,63784329081146,0.5301222,0.4837792,0.4612287,0.4810438,-14.80211,2.678828,-0.9981571,0.02987533,0.9940598,-0.02211024,0.1022929,0,0,0,0,0,0,0,14.80227,-2.674794,0.9778955,-0.01710699,-0.9997721,-0.01277195,-0.02936238,0.003669251,-0.01981209,0.02967857,0.004399948,-0.02071103,0.006881714,-0.05027771,0.998703,-0.02928162,-0.06033325,0.9977417,0.002173187,0.002264816,True,True
6353955235,63784329081146,0.5300877,0.4835193,0.4610732,0.4813516,-14.80211,2.678828,-0.9981571,0.02987533,0.9940598,-0.02211024,0.1022929,0,0,0,0,0,0,0,14.80227,-2.674794,0.9778955,-0.01710849,-0.9997721,-0.01277195,-0.02936118,0.003669251,-0.01981209,0.02967847,0.004399948,-0.02071103,0.006790161,-0.05104065,0.9986725,-0.0296936,-0.05943298,0.9977875,0.002193268,0.002272736,True,True
6353955337,63784329081146,0.5312179,0.4833888,0.461079,0.481362,-14.80211,2.678828,-0.9981571,0.02987533,0.9940598,-0.02211024,0.1022929,0,0,0,0,0,0,0,14.80227,-2.674794,0.9778955,-0.01709955,-0.9997723,-0.0127719,-0.02935854,0.003669251,-0.01981209,0.02967834,0.004399948,-0.02071103,0.009780884,-0.05142212,0.9986267,-0.02967834,-0.05940247,0.9977875,0.002200943,0.002272751,True,True
6353955431,63784329081146,0.5311258,0.4830193,0.4606106,0.4813611,-14.80211,2.678828,-0.9981571,0.02987533,0.9940598,-0.02211024,0.1022929,0,0,0,0,0,0,0,14.80227,-2.674794,0.9778955,-0.01710389,-0.9997721,-0.01277209,-0.02935678,0.003669251,-0.01981209,0.02967805,0.004399948,-0.02071103,0.009536743,-0.05250549,0.9985657,-0.03091431,-0.05940247,0.9977417,0.002211273,0.002272568,True,True
6353955509,63784329081146,0.5310622,0.4834147,0.4610727,0.4810959,-14.80211,2.678828,-0.9981571,0.02987533,0.9940598,-0.02211024,0.1022929,0,0,0,0,0,0,0,14.80228,-2.674794,0.9778955,-0.01710078,-0.9997723,-0.01277201,-0.02935597,0.003669251,-0.01981209,0.02967805,0.004399948,-0.02071103,0.009368896,-0.05134583,0.9986267,-0.0296936,-0.06018066,0.9977417,0.002211746,0.002284409,True,True
6353955597,63784329081146,0.5311776,0.4832744,0.4605581,0.4811053,-14.80211,2.678828,-0.9981571,0.02987533,0.9940598,-0.02211024,0.1022929,0,0,0,0,0,0,0,14.80228,-2.674793,0.9778955,-0.01710389,-0.9997721,-0.01277209,-0.02935466,0.003671417,-0.01981209,0.02967805,0.004399948,-0.02071103,0.009674072,-0.05175781,0.9986115,-0.03105164,-0.06015015,0.9976959,0.002216049,0.002295486,True,True
6353955670,63784329081146,0.5311086,0.4828475,0.4610082,0.4806623,-14.80211,2.678828,-0.9981571,0.02987533,0.9940598,-0.02211024,0.1022929,0,0,0,0,0,0,0,14.80228,-2.674793,0.9778951,-0.01710077,-0.9997721,-0.01277239,-0.02935361,0.003672073,-0.019813,0.02967805,0.004398605,-0.02071103,0.009490967,-0.05300903,0.9985352,-0.02986145,-0.06144714,0.9976501,0.00222023,0.002310287,True,True
6353955899,63784329081146,0.5311835,0.4829464,0.4611874,0.480647,-14.80211,2.678828,-0.9981571,0.02987533,0.9940598,-0.02211024,0.1022929,0,0,0,0,0,0,0,14.80228,-2.674792,0.9778932,-0.01709879,-0.9997723,-0.01277234,-0.02935023,0.003673111,-0.01981671,0.02967805,0.004398605,-0.02071103,0.009689331,-0.05271912,0.9985504,-0.02938843,-0.06149292,0.9976654,0.002228058,0.00229512,True,True
6353964131,63784329081155,0.5310114,0.4813435,0.461182,0.4808453,-14.80202,2.678783,-0.9982644,0.0297903,0.9940243,-0.022368,0.1026061,0,0,0,0,0,0,0,14.80218,-2.674736,0.9779918,-0.01727805,-0.9997701,-0.01269489,-0.02934763,0.003698379,-0.01983817,0.02967805,0.00439653,-0.02070691,0.009231567,-0.05741882,0.9983063,-0.02940369,-0.06091309,0.9976959,0.002244507,0.002295227,True,True
6353972517,63784329081155,0.531744,0.4813481,0.461182,0.4808245,-14.80202,2.678783,-0.9982644,0.0297903,0.9940243,-0.022368,0.1026061,0,0,0,0,0,0,0,14.80218,-2.674736,0.9779925,-0.0172723,-0.9997702,-0.01269484,-0.02934493,0.003698379,-0.01983817,0.02967805,0.004396484,-0.02070557,0.01116943,-0.05740356,0.9982758,-0.02940369,-0.06097412,0.9976959,0.002244644,0.002295242,True,True
6353980999,63784329081166,0.5318651,0.481374,0.461391,0.481232,-14.80192,2.678712,-0.9983004,0.02994307,0.993965,-0.02255006,0.1030948,0,0,0,0,0,0,0,14.80208,-2.674665,0.9780331,-0.01741851,-0.9997666,-0.01278136,-0.02934377,0.003698379,-0.01983817,0.02967805,0.004394272,-0.02069655,0.01148987,-0.05732727,0.9982758,-0.02885437,-0.05978394,0.9977875,0.002254944,0.002296295,True,True
6353989054,63784329081178,0.5320324,0.4813114,0.4623394,0.481437,-14.80171,2.678651,-0.9983209,0.03000711,0.9939336,-0.02264892,0.1033567,0,0,0,0,0,0,0,14.80188,-2.674606,0.9780585,-0.01748919,-0.9997649,-0.0128155,-0.02934164,0.00369957,-0.01983963,0.02967938,0.0043909,-0.02068517,0.01193237,-0.05751038,0.9982605,-0.02635193,-0.05918884,0.9978943,0.002255142,0.002296066,True,True
6353997470,63784329081178,0.5319863,0.4813011,0.4622643,0.4815201,-14.80171,2.678651,-0.9983209,0.03000711,0.9939336,-0.02264892,0.1033567,0,0,0,0,0,0,0,14.80188,-2.674606,0.9780602,-0.01749015,-0.9997649,-0.01281548,-0.02934032,0.00369957,-0.01983963,0.02968036,0.004389496,-0.02068175,0.0118103,-0.05754089,0.9982605,-0.02655029,-0.0589447,0.9978943,0.002254974,0.002295334,True,True
6354005871,63784329081189,0.5322285,0.4812959,0.463634,0.4814804,-14.80161,2.678602,-0.9984198,0.03010019,0.9938832,-0.022819,0.1037765,0,0,0,0,0,0,0,14.80179,-2.674557,0.9781591,-0.01761208,-0.9997621,-0.01286298,-0.02933919,0.003699615,-0.01983963,0.02968207,0.004389237,-0.02068175,0.01245117,-0.05755615,0.9982605,-0.02293396,-0.05906677,0.9979858,0.002254593,0.002290237,True,True
6354014097,63784329081200,0.5322921,0.4812852,0.4635521,0.4808855,-14.80148,2.678522,-0.9984909,0.03006694,0.9938407,-0.02294614,0.1041644,0,0,0,0,0,0,0,14.80166,-2.674477,0.9782302,-0.01770789,-0.9997609,-0.01282833,-0.02933717,0.003699615,-0.01983963,0.02968404,0.004389237,-0.02068175,0.01261902,-0.05758667,0.9982452,-0.02314758,-0.06080627,0.997879,0.002251724,0.002284836,True,True
6354022417,63784329081211,0.5323497,0.4812904,0.4643611,0.4808968,-14.80148,2.678544,-0.9985375,0.02978987,0.993807,-0.02309296,0.1045319,0,0,0,0,0,0,0,14.80166,-2.6745,0.9782768,-0.01779243,-0.999762,-0.01262672,-0.02933586,0.003699615,-0.01983963,0.02968649,0.004389237,-0.02068175,0.01277161,-0.05757141,0.9982452,-0.02101135,-0.06077576,0.9979248,0.002251663,0.002284927,True,True
6354030872,63784329081222,0.5323496,0.4813218,0.4640318,0.4808965,-14.80136,2.678512,-0.9986753,0.02957189,0.9937735,-0.02323883,0.10488,0,0,0,0,0,0,0,14.80153,-2.674467,0.9784148,-0.01788918,-0.9997623,-0.01246531,-0.0293356,0.00369957,-0.01983923,0.02969096,0.004389237,-0.02068175,0.01277161,-0.05747986,0.9982605,-0.0218811,-0.06077576,0.9979095,0.002251694,0.002284866,True,True
6354039201,63784329081222,0.5322862,0.4813948,0.4639626,0.4810268,-14.80136,2.678512,-0.9986753,0.02957189,0.9937735,-0.02323883,0.10488,0,0,0,0,0,0,0,14.80154,-2.674468,0.9784154,-0.01789025,-0.9997622,-0.01246523,-0.02933137,0.003698379,-0.01983817,0.02969167,0.004389237,-0.02068175,0.01260376,-0.05726624,0.9982758,-0.02206421,-0.06039429,0.9979248,0.002251602,0.002290085,True,True
6354047509,63784329081234,0.5341728,0.4812733,0.4638354,0.4810213,-14.80118,2.678518,-0.9986656,0.02940669,0.9937345,-0.02339459,0.1052597,0,0,0,0,0,0,0,14.80136,-2.674474,0.9784089,-0.01798191,-0.9997622,-0.01233851,-0.02932864,0.003698273,-0.01983148,0.02969458,0.004389237,-0.02068175,0.01759338,-0.05761719,0.9981689,-0.0223999,-0.06040955,0.9979095,0.002251862,0.002295181,True,True
6354055778,63784329081245,0.5346574,0.4812523,0.4637667,0.4813345,-14.801,2.678478,-0.9987873,0.02938398,0.993705,-0.02347335,0.1055277,0,0,0,0,0,0,0,14.80118,-2.674435,0.9785319,-0.01803868,-0.9997615,-0.0123148,-0.02932562,0.003697662,-0.01982906,0.02969994,0.004389237,-0.02068175,0.01887512,-0.05767822,0.9981537,-0.02258301,-0.05949402,0.9979706,0.002255081,0.002295303,True,True
6354064144,63784329081245,0.5350322,0.4814446,0.4633328,0.481099,-14.801,2.678478,-0.9987873,0.02938398,0.993705,-0.02347335,0.1055277,0,0,0,0,0,0,0,14.80119,-2.674436,0.9785305,-0.01803913,-0.9997615,-0.01231482,-0.02932364,0.00369519,-0.01982761,0.02970596,0.004389237,-0.02068596,0.01986694,-0.05711365,0.9981689,-0.02372742,-0.06018066,0.9978943,0.002259338,0.002294983,True,True
6354072563,63784329081256,0.5351912,0.4836669,0.4637203,0.4812822,-14.80088,2.678435,-0.9988861,0.02926692,0.993672,-0.02368782,0.105822,0,0,0,0,0,0,0,14.80108,-2.674412,0.9786372,-0.01818126,-0.9997601,-0.01221628,-0.02932188,0.003655472,-0.01980199,0.02970935,0.004390213,-0.02069591,0.02029419,-0.05059814,0.9985046,-0.02270508,-0.05964661,0.9979553,0.002260651,0.002294907,True,True
6354080980,63784329081267,0.5350181,0.4837554,0.4639225,0.481225,-14.80078,2.678349,-0.9990331,0.0293041,0.993625,-0.02391467,0.1062017,0,0,0,0,0,0,0,14.80098,-2.674327,0.9787876,-0.01834916,-0.9997569,-0.01222153,-0.0293195,0.003651871,-0.0197928,0.02971291,0.00439151,-0.02069815,0.01983643,-0.05033875,0.9985199,-0.02217102,-0.05981445,0.9979553,0.00226207,0.002296371,True,True
6354089030,63784329081279,0.5349718,0.4837452,0.4632982,0.4810782,-14.80069,2.678349,-0.9991643,0.02915268,0.9935986,-0.02411867,0.1064432,0,0,0,0,0,0,0,14.80089,-2.674326,0.9789169,-0.01848932,-0.9997558,-0.0121017,-0.02931795,0.003651871,-0.0197928,0.02971536,0.004393646,-0.02070213,0.01971436,-0.05036926,0.9985352,-0.02381897,-0.0602417,0.9978943,0.002261063,0.002289887,True,True
6354097367,63784329081279,0.5349659,0.4838544,0.4636564,0.4810525,-14.80069,2.678349,-0.9991643,0.02915268,0.9935986,-0.02411867,0.1064432,0,0,0,0,0,0,0,14.80089,-2.674326,0.9789165,-0.01848657,-0.9997559,-0.01210166,-0.02931624,0.003650543,-0.0197928,0.02971957,0.004394211,-0.02070288,0.0196991,-0.05004883,0.9985504,-0.02287292,-0.06031799,0.9979095,0.002260742,0.002289871,True,True
6354105908,63784329081290,0.5349959,0.4828814,0.4645922,0.4808188,-14.80055,2.678303,-0.9993532,0.02898178,0.9935718,-0.02435539,0.1066871,0,0,0,0,0,0,0,14.80075,-2.67428,0.9790998,-0.01863454,-0.9997547,-0.01196652,-0.02931456,0.003651871,-0.01980199,0.02972202,0.004394257,-0.02070502,0.01977539,-0.05290222,0.9983978,-0.020401,-0.06100464,0.9979248,0.002253128,0.002289749,True,True
6354114188,63784329081301,0.5347943,0.4826162,0.4645507,0.4800879,-14.80038,2.678235,-0.9994885,0.02882562,0.9935531,-0.02445859,0.1068791,0,0,0,0,0,0,0,14.80059,-2.674212,0.979234,-0.01870095,-0.9997549,-0.01185137,-0.02931435,0.003651871,-0.01980199,0.02972464,0.004395065,-0.02070702,0.01924133,-0.05368042,0.9983673,-0.02050781,-0.06314087,0.9977875,0.002252899,0.002267441,True,True
6354122452,63784329081312,0.534777,0.4826162,0.4644526,0.4802339,-14.80011,2.678183,-0.9996156,0.02867042,0.9935443,-0.02474122,0.1069378,0,0,0,0,0,0,0,14.80032,-2.67416,0.9793605,-0.01888419,-0.9997529,-0.01172489,-0.0293141,0.003651871,-0.01980199,0.02972659,0.004395248,-0.02070821,0.01919556,-0.05368042,0.9983673,-0.02076721,-0.06271362,0.9978027,0.00225293,0.002345551,True,True
6354130738,63784329081312,0.5349096,0.4826421,0.4647646,0.4802394,-14.80011,2.678183,-0.9996156,0.02867042,0.9935443,-0.02474122,0.1069378,0,0,0,0,0,0,0,14.80032,-2.67416,0.97936,-0.0188807,-0.999753,-0.01172488,-0.02931319,0.003651871,-0.01980199,0.02972893,0.004395492,-0.02070906,0.01954651,-0.05360413,0.9983673,-0.01994324,-0.06269836,0.997818,0.002261459,0.002345535,True,True
6354139190,63784329081323,0.5348981,0.4826369,0.4645334,0.4801087,-14.79996,2.678147,-0.9998398,0.02836934,0.9935398,-0.02513573,0.1069681,0,0,0,0,0,0,0,14.80017,-2.674122,0.9795841,-0.01912938,-0.999751,-0.01149162,-0.029313,0.003651871,-0.01980199,0.02973177,0.00439769,-0.0207094,0.01951599,-0.05361938,0.9983673,-0.02055359,-0.06307983,0.9977875,0.002261444,0.00235347,True,True
6354147427,63784329081335,0.5352039,0.4827041,0.4643899,0.4807977,-14.7998,2.678046,-1.000051,0.02811519,0.9935408,-0.02537311,0.1069696,0,0,0,0,0,0,0,14.80001,-2.674019,0.9797946,-0.01927097,-0.9997504,-0.01130152,-0.02931259,0.003655472,-0.01980313,0.02973364,0.004397782,-0.02071016,0.02032471,-0.05342102,0.9983521,-0.02093506,-0.06106567,0.9979095,0.002269577,0.002354111,True,True
6354155815,63784329081346,0.535854,0.4798755,0.4642627,0.480813,-14.79962,2.677984,-1.000256,0.02805109,0.9935438,-0.02569931,0.1068808,0,0,0,0,0,0,0,14.79983,-2.673915,0.9799154,-0.01948031,-0.9997471,-0.0112367,-0.02931247,0.003740387,-0.01996936,0.0297384,0.004397796,-0.02071095,0.02203369,-0.06170654,0.9978485,-0.02127075,-0.0610199,0.9978943,0.002259598,0.002357315,True,True
6354164126,63784329081346,0.5365773,0.478889,0.4646258,0.4801036,-14.79962,2.677984,-1.000256,0.02805109,0.9935438,-0.02569931,0.1068808,0,0,0,0,0,0,0,14.79983,-2.673903,0.9799121,-0.01947148,-0.9997473,-0.01123748,-0.02931184,0.003764877,-0.01997601,0.02974168,0.004398193,-0.02071095,0.02394104,-0.06459045,0.9976196,-0.02030945,-0.06309509,0.9977875,0.002265015,0.002360641,True,True
6354172533,63784329081357,0.5367217,0.4788679,0.464436,0.4807402,-14.79948,2.67793,-1.000516,0.02797642,0.9935331,-0.02613351,0.1068946,0,0,0,0,0,0,0,14.7997,-2.673848,0.98017,-0.01976148,-0.9997424,-0.01115504,-0.02931184,0.003764877,-0.01997601,0.02974448,0.004400223,-0.02071603,0.02432251,-0.06465149,0.9976044,-0.02081299,-0.06123352,0.9978943,0.002258789,0.002357117,True,True
6354180757,63784329081367,0.536738,0.4794208,0.4648229,0.4806258,-14.7993,2.677825,-1.000729,0.0278136,0.9935325,-0.02656911,0.1068349,0,0,0,0,0,0,0,14.79952,-2.673741,0.9803817,-0.02004024,-0.9997385,-0.01101363,-0.02931184,0.003764877,-0.01997601,0.02974771,0.004402679,-0.0207182,0.02436829,-0.06303406,0.9977112,-0.01979065,-0.06156921,0.9978943,0.002259109,0.002357025,True,True
6354189115,63784329081379,0.537403,0.4789452,0.4649211,0.4805998,-14.79908,2.677718,-1.000929,0.02765521,0.9935374,-0.02693552,0.1067383,0,0,0,0,0,0,0,14.7993,-2.673632,0.9805728,-0.02026828,-0.9997354,-0.01088116,-0.02931184,0.003767899,-0.01999193,0.0297485,0.004403763,-0.0207211,0.02612305,-0.06442261,0.9975739,-0.01953125,-0.06164551,0.9978943,0.00225676,0.002357224,True,True
6354197447,63784329081379,0.5378177,0.4796275,0.4647698,0.4797957,-14.79908,2.677718,-1.000929,0.02765521,0.9935374,-0.02693552,0.1067383,0,0,0,0,0,0,0,14.7993,-2.673629,0.9805588,-0.02026617,-0.9997354,-0.01088122,-0.02931184,0.003771027,-0.02001135,0.02975095,0.004406631,-0.02072984,0.02722168,-0.06242371,0.9976654,-0.01992798,-0.06399536,0.9977417,0.002258515,0.002353271,True,True
6354205836,63784329081390,0.5378176,0.4796275,0.4654053,0.4797389,-14.79889,2.677625,-1.001224,0.02761518,0.993556,-0.02748137,0.1064361,0,0,0,0,0,0,0,14.79911,-2.673534,0.9808471,-0.02061908,-0.9997288,-0.01081889,-0.02931184,0.003771027,-0.02001135,0.02975398,0.004410767,-0.02074235,0.02722168,-0.06242371,0.9976654,-0.01824951,-0.06416321,0.997757,0.002258515,0.002353073,True,True
6354214119,63784329081401,0.5377663,0.4792835,0.4652492,0.4796082,-14.79876,2.67747,-1.001557,0.02741048,0.9935686,-0.0280189,0.1062309,0,0,0,0,0,0,0,14.79898,-2.673377,0.9811867,-0.02096406,-0.9997236,-0.0106444,-0.02931073,0.003771027,-0.01999193,0.02975616,0.004414154,-0.02074803,0.02708435,-0.06343079,0.9976044,-0.0186615,-0.06454468,0.9977264,0.002265076,0.002352997,True,True
6354222375,63784329081412,0.5377663,0.4792835,0.4653069,0.4795458,-14.79854,2.677426,-1.001829,0.02737838,0.993588,-0.0282896,0.1059858,0,0,0,0,0,0,0,14.79876,-2.673333,0.981458,-0.02113718,-0.9997203,-0.01060672,-0.02931073,0.003771027,-0.01999193,0.02975673,0.004414764,-0.02074934,0.02708435,-0.06343079,0.9976044,-0.01850891,-0.06472778,0.9977264,0.002265076,0.002316208,True,True
6354230808,63784329081412,0.5377719,0.4793046,0.4653124,0.4793003,-14.79854,2.677426,-1.001829,0.02737838,0.993588,-0.0282896,0.1059858,0,0,0,0,0,0,0,14.79876,-2.673332,0.9814564,-0.02113705,-0.9997203,-0.01060683,-0.0293105,0.003771027,-0.01999193,0.02975673,0.004417832,-0.02075266,0.02709961,-0.06336975,0.9976196,-0.01849365,-0.06544495,0.9976807,0.002273193,0.002316162,True,True
6354239093,63784329081424,0.5377885,0.4797736,0.4652975,0.4812474,-14.79836,2.677363,-1.002129,0.02730355,0.993609,-0.02857764,0.1057313,0,0,0,0,0,0,0,14.79858,-2.673268,0.9817567,-0.02131947,-0.9997172,-0.01053801,-0.0293105,0.003771027,-0.01999193,0.02975673,0.004418015,-0.02075266,0.02714539,-0.06199646,0.9976959,-0.01853943,-0.05975342,0.9980316,0.002273178,0.002317032,True,True
6354247418,63784329081434,0.5362669,0.4817659,0.4642978,0.4811003,-14.79804,2.677363,-1.002242,0.02733049,0.9936262,-0.02874742,0.105516,0,0,0,0,0,0,0,14.79828,-2.673286,0.9818895,-0.02144985,-0.9997143,-0.01054648,-0.02928653,0.003733643,-0.01995198,0.02975673,0.004420105,-0.02075266,0.02313232,-0.0561676,0.9981384,-0.0211792,-0.06018066,0.9979553,0.002275101,0.002317032,True,True
6354255708,63784329081446,0.5362438,0.48174,0.4642118,0.4815333,-14.79772,2.677282,-1.002454,0.0272184,0.9936591,-0.02894553,0.1051806,0,0,0,0,0,0,0,14.79795,-2.673205,0.9821017,-0.0215666,-0.9997127,-0.01046104,-0.02928653,0.003733505,-0.01995114,0.02975673,0.004420364,-0.02075266,0.02307129,-0.0562439,0.9981384,-0.02140808,-0.05891418,0.9980316,0.002266983,0.002350601,True,True
6354264082,63784329081446,0.5359668,0.4816884,0.4642982,0.4813664,-14.79772,2.677282,-1.002454,0.0272184,0.9936591,-0.02894553,0.1051806,0,0,0,0,0,0,0,14.79795,-2.673205,0.9821053,-0.02156806,-0.9997126,-0.01046112,-0.02928653,0.003732376,-0.01994382,0.02975673,0.004421936,-0.02075266,0.02233887,-0.05639648,0.9981537,-0.0211792,-0.05940247,0.9980011,0.002266876,0.002317108,True,True
6354272487,63784329081457,0.5359952,0.4820007,0.4652053,0.48143,-14.79752,2.677214,-1.002691,0.02727707,0.9936701,-0.02916481,0.105001,0,0,0,0,0,0,0,14.79776,-2.673137,0.9823456,-0.02170785,-0.9997093,-0.01048795,-0.02928653,0.003732376,-0.01993735,0.02975673,0.004421936,-0.02075266,0.02241516,-0.05548096,0.9981995,-0.01878357,-0.05921936,0.9980621,0.002275269,0.002350617,True,True
6354280787,63784329081468,0.535966,0.4822558,0.4644087,0.4818621,-14.79724,2.677193,-1.002844,0.02730653,0.9936839,-0.02944444,0.1047837,0,0,0,0,0,0,0,14.79747,-2.673116,0.9824988,-0.02189914,-0.9997052,-0.01049117,-0.02928653,0.003732376,-0.01993735,0.02975673,0.004421936,-0.02075266,0.02233887,-0.05473328,0.9982452,-0.02088928,-0.05795288,0.9980927,0.002275375,0.002312942,True,True
6354289004,63784329081479,0.5359656,0.4825629,0.4652526,0.4823323,-14.79698,2.677133,-1.003053,0.02726012,0.9937049,-0.0296085,0.1045503,0,0,0,0,0,0,0,14.79721,-2.673056,0.9827077,-0.02199316,-0.9997035,-0.01045132,-0.02928653,0.003732376,-0.01993735,0.02975546,0.004421936,-0.02075266,0.02233887,-0.05383301,0.998291,-0.0186615,-0.05657959,0.9982147,0.002275284,0.002296829,True,True
6354297493,63784329081479,0.5360804,0.4830415,0.4655701,0.4821501,-14.79698,2.677133,-1.003053,0.02726012,0.9937049,-0.0296085,0.1045503,0,0,0,0,0,0,0,14.79721,-2.673055,0.9827142,-0.02198982,-0.9997036,-0.01045122,-0.02928876,0.003733505,-0.01993735,0.0297503,0.004421936,-0.02073964,0.02264404,-0.0524292,0.9983521,-0.01782227,-0.05711365,0.9981995,0.002278992,0.002313202,True,True
6354305760,63784329081490,0.5362357,0.4833537,0.4650094,0.4818887,-14.79676,2.677078,-1.003302,0.02729291,0.9937087,-0.02992942,0.104415,0,0,0,0,0,0,0,14.79698,-2.673,0.9829723,-0.02220838,-0.9996987,-0.01045298,-0.02929254,0.003733643,-0.01993735,0.02974663,0.004422501,-0.02072208,0.02305603,-0.05151367,0.9983978,-0.01930237,-0.05787659,0.9981232,0.002275848,0.002351593,True,True
6354314136,63784329081502,0.5361086,0.4834736,0.4648535,0.4818783,-14.79648,2.677036,-1.003459,0.02730587,0.9937187,-0.03014591,0.104254,0,0,0,0,0,0,0,14.79671,-2.672958,0.9831302,-0.02235301,-0.9996955,-0.01044903,-0.02929254,0.003733643,-0.01993735,0.02974478,0.004422501,-0.02072095,0.02272034,-0.05116272,0.9984283,-0.01971436,-0.0579071,0.9981232,0.0022789,0.002351166,True,True
6354322319,63784329081513,0.5358778,0.4834791,0.464837,0.4825562,-14.7962,2.676994,-1.003612,0.02738757,0.9937351,-0.03043026,0.1039937,0,0,0,0,0,0,0,14.79642,-2.672916,0.9832848,-0.02254505,-0.9996908,-0.01048835,-0.02929254,0.003733643,-0.01993735,0.02974289,0.004422501,-0.02071672,0.02210999,-0.05114746,0.9984436,-0.01976013,-0.05592346,0.99823,0.002276001,0.002351822,True,True
6354330838,63784329081513,0.5359411,0.4836143,0.4647795,0.4827854,-14.7962,2.676994,-1.003612,0.02738757,0.9937351,-0.03043026,0.1039937,0,0,0,0,0,0,0,14.79642,-2.672914,0.9832878,-0.02254508,-0.9996908,-0.01048822,-0.02929526,0.003736755,-0.01994229,0.02973766,0.004422501,-0.02070564,0.02227783,-0.05075073,0.9984589,-0.01991272,-0.05525208,0.9982605,0.002273758,0.002339584,True,True
6354339187,63784329081524,0.5358144,0.483531,0.4639768,0.4828891,-14.79598,2.676931,-1.003862,0.02740373,0.9937408,-0.03052374,0.1039069,0,0,0,0,0,0,0,14.7962,-2.67285,0.9835401,-0.02261402,-0.9996892,-0.010494,-0.02929733,0.003739777,-0.01994382,0.02973264,0.004422501,-0.02069939,0.02194214,-0.05099487,0.9984436,-0.02203369,-0.0549469,0.9982452,0.002260834,0.002339584,True,True
6354347462,63784329081535,0.5348337,0.4835787,0.4641323,0.4826075,-14.79577,2.676895,-1.003988,0.02735762,0.9937483,-0.03070235,0.1037945,0,0,0,0,0,0,0,14.79599,-2.672812,0.9836664,-0.02273456,-0.9996869,-0.01045213,-0.0292979,0.003743179,-0.01994728,0.02973051,0.004422501,-0.02069534,0.01934814,-0.05085754,0.9985046,-0.0216217,-0.05577087,0.9981995,0.002274063,0.002339493,True,True
6354355627,63784329081546,0.535122,0.483667,0.4636185,0.4828051,-14.79555,2.676891,-1.004199,0.02739227,0.993759,-0.03091754,0.1036194,0,0,0,0,0,0,0,14.79576,-2.672807,0.9838735,-0.02287885,-0.9996835,-0.01046333,-0.02930177,0.003745102,-0.01995651,0.02973047,0.004422501,-0.02069486,0.02011108,-0.05059814,0.9985046,-0.02297974,-0.05519104,0.9981995,0.00227388,0.00233963,True,True
6354364053,63784329081546,0.5348453,0.4834384,0.4635838,0.4828207,-14.79555,2.676891,-1.004199,0.02739227,0.993759,-0.03091754,0.1036194,0,0,0,0,0,0,0,14.79576,-2.672806,0.9838725,-0.02288125,-0.9996834,-0.01046341,-0.02930177,0.003748184,-0.01995853,0.02973047,0.004422501,-0.02069486,0.01937866,-0.05126953,0.9984894,-0.02307129,-0.05514526,0.9981995,0.002273834,0.002352661,True,True
6354372496,63784329081558,0.5456757,0.4829268,0.474334,0.4843054,-14.79533,2.67684,-1.004426,0.02728476,0.9937764,-0.03101962,0.10345,0,0,0,0,0,0,0,14.79564,-2.67274,0.9840165,-0.02276829,-0.9996868,-0.01038788,-0.02919514,0.003763489,-0.02002652,0.02982112,0.004437591,-0.02079184,0.04798889,-0.05271912,0.9974518,0.005340576,-0.05081177,0.9986877,0.002283371,0.002331909,True,True
6354380798,63784329081569,0.5511478,0.4834178,0.4758485,0.4802167,-14.79511,2.676772,-1.00463,0.02734111,0.9937951,-0.03117459,0.1032087,0,0,0,0,0,0,0,14.79553,-2.672639,0.9840925,-0.02281392,-0.9996854,-0.01042234,-0.02911237,0.003751678,-0.02003064,0.02995575,0.004514923,-0.02104437,0.06240845,-0.05123901,0.9967194,0.009338379,-0.06277466,0.9979706,0.002253204,0.002285217,True,True
6354389046,63784329081580,0.5526153,0.4834395,0.4805711,0.4824615,-14.79492,2.676796,-1.004848,0.02727926,0.9938109,-0.03131298,0.1030307,0,0,0,0,0,0,0,14.79544,-2.672627,0.9841377,-0.02284954,-0.999685,-0.01037476,-0.02902274,0.003754715,-0.0200594,0.03006056,0.004582794,-0.02136098,0.06626892,-0.05116272,0.9964752,0.02182007,-0.05619812,0.9981689,0.002182419,0.002271591,True,True
6354397557,63784329081580,0.5541174,0.4914376,0.4847709,0.4805873,-14.79492,2.676796,-1.004848,0.02727926,0.9938109,-0.03131298,0.1030307,0,0,0,0,0,0,0,14.79547,-2.672633,0.9841204,-0.02280593,-0.9996861,-0.01037484,-0.02898351,0.003791672,-0.02022284,0.03009354,0.004533752,-0.02123209,0.07028198,-0.02770996,0.9971313,0.03289795,-0.06166077,0.9975433,0.002234421,0.002279343,True,True
6354405888,63784329081591,0.5516543,0.4828326,0.4835035,0.4841834,-14.79471,2.676749,-1.005078,0.02733334,0.9938331,-0.03137909,0.1027824,0,0,0,0,0,0,0,14.79526,-2.672595,0.9843743,-0.0228748,-0.9996841,-0.01041118,-0.02898793,0.003768494,-0.02016322,0.03009506,0.004538605,-0.02124396,0.06373596,-0.052948,0.9965515,0.02957153,-0.05114746,0.9982452,0.002289566,0.002288162,True,True
6354414095,63784329081602,0.5532953,0.4832288,0.4837899,0.4823687,-14.79449,2.676682,-1.005269,0.02719079,0.993863,-0.03136989,0.1025322,0,0,0,0,0,0,0,14.79504,-2.672525,0.9845572,-0.02283544,-0.999686,-0.01032047,-0.02898969,0.003769745,-0.02016812,0.03009354,0.004543457,-0.02125513,0.0680542,-0.05177307,0.9963226,0.03031921,-0.05645752,0.9979401,0.002249237,0.002294708,True,True
6354422402,63784329081613,0.5549018,0.4837712,0.4836506,0.4826766,-14.79418,2.676625,-1.005353,0.02734254,0.9938875,-0.03162128,0.1021774,0,0,0,0,0,0,0,14.79473,-2.672467,0.984639,-0.02299321,-0.9996814,-0.01041215,-0.02899086,0.003770981,-0.02017302,0.03009291,0.004545944,-0.02125548,0.07228088,-0.0501709,0.996109,0.029953,-0.05555725,0.9980011,0.002289978,0.002288406,True,True
6354430806,63784329081613,0.5548618,0.4835369,0.4834948,0.4825203,-14.79418,2.676625,-1.005353,0.02734254,0.9938875,-0.03162128,0.1021774,0,0,0,0,0,0,0,14.79473,-2.672465,0.9846366,-0.02299467,-0.9996814,-0.01041221,-0.02899059,0.00377269,-0.02017734,0.03009229,0.004548431,-0.02125583,0.07217407,-0.05085754,0.9960938,0.02954102,-0.05601501,0.9979858,0.00225856,0.002294327,True,True
6354439092,63784329081624,0.5548742,0.4834271,0.4833336,0.4822075,-14.79397,2.676574,-1.00563,0.02731597,0.993915,-0.03154878,0.1019388,0,0,0,0,0,0,0,14.79452,-2.672412,0.9849113,-0.02293724,-0.9996828,-0.01040314,-0.02899062,0.003774384,-0.02018164,0.0300916,0.004549484,-0.02125548,0.07220459,-0.05117798,0.9960632,0.02911377,-0.05693054,0.9979401,0.002289734,0.0022883,True,True
6354447444,63784329081636,0.5533534,0.4831194,0.4831434,0.4818897,-14.79389,2.676431,-1.005945,0.02746069,0.9939342,-0.0316022,0.1016962,0,0,0,0,0,0,0,14.79444,-2.67227,0.9852287,-0.02298865,-0.9996806,-0.0105011,-0.02899074,0.00377269,-0.02017734,0.0300909,0.004550537,-0.02125513,0.06820679,-0.05209351,0.9963074,0.02861023,-0.05786133,0.9979095,0.002284363,0.002294281,True,True
6354455740,63784329081636,0.5526519,0.4829858,0.4829467,0.4820307,-14.79374,2.676452,-1.00617,0.02755077,0.9939695,-0.03171096,0.1012924,0,0,0,0,0,0,0,14.79444,-2.67227,0.9852322,-0.02299567,-0.9996804,-0.01050076,-0.02899086,0.003770981,-0.02017302,0.0300909,0.00455127,-0.02125246,0.06636047,-0.05249023,0.9963989,0.02809143,-0.05744934,0.9979401,0.002279312,0.002288269,True,True
6354464190,63784329081647,0.5522863,0.4829765,0.4827505,0.4817809,-14.79374,2.676452,-1.00617,0.02755077,0.9939695,-0.03171096,0.1012924,0,0,0,0,0,0,0,14.79429,-2.672292,0.985459,-0.0230666,-0.9996781,-0.01056087,-0.02899115,0.003769745,-0.02017133,0.03009088,0.004550537,-0.0212498,0.06539917,-0.05252075,0.99646,0.02757263,-0.05818176,0.9979248,0.002284561,0.002281921,True,True
6354472476,63784329081658,0.5519208,0.4829516,0.482612,0.4816402,-14.79358,2.676404,-1.006417,0.02763574,0.9939818,-0.03184106,0.1011069,0,0,0,0,0,0,0,14.79413,-2.672244,0.985708,-0.02315818,-0.9996755,-0.01061253,-0.02899144,0.003768494,-0.02016963,0.03008981,0.004550171,-0.02124919,0.06443787,-0.05259705,0.996521,0.02720642,-0.05859375,0.9979095,0.002289596,0.002287918,True,True
6354480670,63784329081669,0.5518577,0.4827901,0.4824795,0.4814679,-14.79325,2.676381,-1.006523,0.02758277,0.9940174,-0.03182943,0.1007746,0,0,0,0,0,0,0,14.7938,-2.672221,0.9858133,-0.02313744,-0.9996762,-0.01058292,-0.02899301,0.003768433,-0.02016873,0.03008875,0.004550537,-0.0212498,0.06427002,-0.05307007,0.9965057,0.02685547,-0.05909729,0.997879,0.002292633,0.002293976,True,True
6354488891,63784329081669,0.5517757,0.4829573,0.4824503,0.4816141,-14.79325,2.676381,-1.006523,0.02758277,0.9940174,-0.03182943,0.1007746,0,0,0,0,0,0,0,14.7938,-2.672221,0.9858115,-0.02313837,-0.9996762,-0.01058276,-0.02899457,0.003768372,-0.02016963,0.030088,0.00455127,-0.02125246,0.0640564,-0.05258179,0.9965515,0.02677917,-0.05867004,0.9979095,0.002289566,0.002288086,True,True
6354497494,63784329081680,0.5515835,0.4830988,0.482398,0.481802,-14.79313,2.67639,-1.00679,0.02762865,0.9940353,-0.0319131,0.100559,0,0,0,0,0,0,0,14.79368,-2.67223,0.986077,-0.02319296,-0.9996747,-0.0106115,-0.02899568,0.003767746,-0.02017078,0.03008723,0.004552002,-0.02125513,0.06355286,-0.0521698,0.9966125,0.02664185,-0.05812073,0.9979401,0.002290039,0.002294098,True,True
6354505622,63784329081691,0.5519428,0.483202,0.4823752,0.4815986,-14.793,2.676351,-1.007039,0.02769968,0.9940574,-0.03203082,0.1002831,0,0,0,0,0,0,0,14.79354,-2.672191,0.9863268,-0.02326564,-0.9996725,-0.01065638,-0.02899678,0.003767136,-0.02016963,0.03008636,0.004552322,-0.02125522,0.0644989,-0.05186462,0.9965668,0.02658081,-0.05871582,0.9979095,0.002289719,0.002287933,True,True
6354514064,63784329081702,0.5517229,0.4831087,0.4825252,0.4817548,-14.79277,2.676343,-1.007151,0.02752878,0.9940951,-0.0320823,0.09993906,0,0,0,0,0,0,0,14.79331,-2.672183,0.9864386,-0.02327837,-0.9996734,-0.01054285,-0.02899747,0.003767105,-0.02016873,0.03008548,0.004552627,-0.02125531,0.06391907,-0.05213928,0.996582,0.02697754,-0.05825806,0.9979248,0.002289856,0.002293808,True,True
6354522332,63784329081702,0.5520537,0.4830244,0.482346,0.4817812,-14.79277,2.676343,-1.007151,0.02752878,0.9940951,-0.0320823,0.09993906,0,0,0,0,0,0,0,14.79331,-2.672183,0.9864388,-0.02327718,-0.9996734,-0.01054292,-0.02899817,0.003767075,-0.02016783,0.03008456,0.004552749,-0.02125583,0.06478882,-0.05238342,0.996521,0.02650452,-0.05818176,0.9979401,0.002290161,0.002311462,True,True
6354530723,63784329081714,0.5517186,0.4827436,0.4822079,0.4814007,-14.79259,2.676317,-1.007358,0.02733739,0.9941394,-0.03231644,0.09947471,0,0,0,0,0,0,0,14.79313,-2.672157,0.9866437,-0.0234111,-0.9996718,-0.0104056,-0.0290009,0.003766403,-0.02016783,0.03008412,0.004554855,-0.02126151,0.06390381,-0.0532074,0.996521,0.02613831,-0.05929565,0.9978943,0.002290161,0.002311081,True,True
6354539008,63784329081725,0.5516663,0.4826971,0.482237,0.4812388,-14.79249,2.676239,-1.007585,0.02720406,0.9941757,-0.03250057,0.09908727,0,0,0,0,0,0,0,14.79303,-2.672078,0.9868687,-0.02351419,-0.9996704,-0.01030976,-0.02900182,0.003766159,-0.02016693,0.03008377,0.004555084,-0.02126491,0.06376648,-0.05334473,0.9965363,0.0262146,-0.05976868,0.9978638,0.002289627,0.002310898,True,True
6354547433,63784329081736,0.551203,0.4825472,0.4820756,0.4810042,-14.79233,2.67616,-1.007804,0.02714506,0.9942166,-0.03266902,0.09863795,0,0,0,0,0,0,0,14.79286,-2.671999,0.9870886,-0.02361426,-0.9996684,-0.01026629,-0.0290038,0.00376535,-0.02016641,0.03008231,0.00455661,-0.02126491,0.06254578,-0.05378723,0.996582,0.02578735,-0.06045532,0.9978333,0.002279449,0.002310883,True,True
6354555727,63784329081736,0.5509769,0.4824958,0.4820584,0.4809363,-14.79233,2.67616,-1.007804,0.02714506,0.9942166,-0.03266902,0.09863795,0,0,0,0,0,0,0,14.79286,-2.671999,0.9870883,-0.02361614,-0.9996684,-0.01026626,-0.02900412,0.003764816,-0.0201664,0.0300806,0.00455722,-0.0212655,0.06195068,-0.05393982,0.9966125,0.02574158,-0.06065369,0.997818,0.002289795,0.00229332,True,True
6354564399,63784329081747,0.5510113,0.4825896,0.4817365,0.479877,-14.7922,2.676091,-1.007978,0.02718897,0.9942531,-0.0328822,0.0981852,0,0,0,0,0,0,0,14.79274,-2.67193,0.9872602,-0.02375025,-0.999665,-0.01029001,-0.02900562,0.003764404,-0.02016319,0.03008035,0.004557495,-0.02127303,0.06204224,-0.05366516,0.9966278,0.02488708,-0.06375122,0.9976501,0.002290176,0.002309967,True,True
6354572386,63784329081759,0.5503859,0.4823516,0.4815632,0.4798562,-14.79213,2.676004,-1.008206,0.02716936,0.9942964,-0.03303361,0.09770059,0,0,0,0,0,0,0,14.79266,-2.671844,0.9874913,-0.02384154,-0.9996629,-0.01027503,-0.02900769,0.003761841,-0.02015476,0.03007997,0.004557922,-0.02127441,0.06039429,-0.05436707,0.9966888,0.02442932,-0.06381226,0.9976501,0.002289917,0.002301392,True,True
6354580806,63784329081759,0.550531,0.4823094,0.4816151,0.4799294,-14.79213,2.676004,-1.008206,0.02716936,0.9942964,-0.03303361,0.09770059,0,0,0,0,0,0,0,14.79266,-2.671846,0.9874942,-0.02384002,-0.999663,-0.01027508,-0.02900937,0.003757568,-0.02014448,0.03007933,0.004557938,-0.02127898,0.06077576,-0.05448914,0.9966583,0.02456665,-0.06359863,0.9976654,0.002290314,0.002301193,True,True
6354589078,63784329081772,0.5514702,0.4824161,0.4816498,0.4799658,-14.79212,2.67579,-1.008555,0.02719665,0.9943379,-0.0331954,0.09721404,0,0,0,0,0,0,0,14.79265,-2.671635,0.9878498,-0.02392751,-0.9996607,-0.01029171,-0.02901106,0.00375238,-0.02013031,0.03007866,0.004558075,-0.02128093,0.06324768,-0.0541687,0.996521,0.0246582,-0.06349182,0.9976654,0.002290573,0.002311142,True,True
6354597583,63784329081783,0.5498986,0.482504,0.4816028,0.4803575,-14.79201,2.675706,-1.008751,0.02718425,0.9943932,-0.03336771,0.09659164,0,0,0,0,0,0,0,14.79254,-2.671553,0.9880543,-0.02403527,-0.9996582,-0.01028228,-0.02901411,0.003747818,-0.02011255,0.03007846,0.004559738,-0.02128119,0.05911255,-0.05392456,0.9967804,0.02453613,-0.06234741,0.9977417,0.002269836,0.002311172,True,True
6354605732,63784329081795,0.5502744,0.4827117,0.4816776,0.4805505,-14.79186,2.675653,-1.00887,0.02718628,0.9944386,-0.03351859,0.09606981,0,0,0,0,0,0,0,14.79239,-2.671501,0.9881773,-0.02411661,-0.9996563,-0.01028309,-0.02901857,0.003740097,-0.02008083,0.03007614,0.004563598,-0.02130414,0.06010437,-0.05331421,0.9967651,0.0247345,-0.06178284,0.9977722,0.002270569,0.00231575,True,True
6354614222,63784329081795,0.5500668,0.4824671,0.4812614,0.4805616,-14.79186,2.675653,-1.00887,0.02718628,0.9944386,-0.03351859,0.09606981,0,0,0,0,0,0,0,14.79239,-2.671505,0.9881907,-0.02412143,-0.9996562,-0.01028298,-0.02902132,0.003732681,-0.02005086,0.03007547,0.004563873,-0.02130731,0.05955505,-0.05403137,0.9967499,0.02363586,-0.06175232,0.9978027,0.002291855,0.002323639,True,True
6354622505,63784329081808,0.5503162,0.4824246,0.4815446,0.4805717,-14.79173,2.675569,-1.009081,0.0270972,0.9944932,-0.03363166,0.09548751,0,0,0,0,0,0,0,14.79226,-2.671421,0.9884042,-0.02416876,-0.9996556,-0.01022602,-0.0290247,0.003729141,-0.02003537,0.03007173,0.004566589,-0.02131863,0.06021118,-0.05415344,0.9967041,0.02438354,-0.0617218,0.9977875,0.002293915,0.002325165,True,True
6354630751,63784329081819,0.5506408,0.4824082,0.4812565,0.4800344,-14.79167,2.67544,-1.009256,0.02715348,0.9945361,-0.03362652,0.09502637,0,0,0,0,0,0,0,14.79219,-2.671292,0.9885823,-0.02415341,-0.9996555,-0.0102727,-0.02902838,0.003727508,-0.02002582,0.03007039,0.004567672,-0.02132085,0.06106567,-0.05419922,0.9966583,0.02362061,-0.06329346,0.9977112,0.002306717,0.002325012,True,True
6354638990,63784329081819,0.5509069,0.4825951,0.4810317,0.4796846,-14.79167,2.67544,-1.009256,0.02715348,0.9945361,-0.03362652,0.09502637,0,0,0,0,0,0,0,14.79218,-2.671293,0.9885869,-0.02415305,-0.9996555,-0.01027279,-0.02903174,0.003726013,-0.02001669,0.03006526,0.004567672,-0.02132085,0.06176758,-0.0536499,0.9966431,0.02302551,-0.0643158,0.9976501,0.002306946,0.002326462,True,True
6354647477,63784329081831,0.5507516,0.4822982,0.4803953,0.4799989,-14.79158,2.675351,-1.009441,0.02707311,0.9945834,-0.0337847,0.09449573,0,0,0,0,0,0,0,14.79209,-2.671205,0.988776,-0.02424334,-0.9996539,-0.01021766,-0.0290332,0.003724319,-0.02000975,0.03006186,0.004567672,-0.02132085,0.06135559,-0.05451965,0.9966125,0.02134705,-0.06340027,0.997757,0.002294388,0.002322922,True,True
6354655903,63784329081842,0.5511813,0.4821717,0.4805626,0.4802804,-14.79152,2.675227,-1.009609,0.02702796,0.9946378,-0.03371825,0.09395806,0,0,0,0,0,0,0,14.79203,-2.671082,0.9889518,-0.02417363,-0.9996557,-0.01020098,-0.0290388,0.003722412,-0.01999376,0.03005914,0.004567672,-0.02132085,0.06248474,-0.05488586,0.996521,0.02178955,-0.06257629,0.9977875,0.002307053,0.002326416,True,True
6354664142,63784329081853,0.5513958,0.4821763,0.4806724,0.4802752,-14.7915,2.675123,-1.00986,0.02704599,0.9946696,-0.03378267,0.09359369,0,0,0,0,0,0,0,14.79201,-2.670979,0.9892053,-0.0242037,-0.9996549,-0.01021567,-0.02904178,0.003721023,-0.0199886,0.03005653,0.004567672,-0.02132085,0.06304932,-0.05487061,0.9964905,0.02207947,-0.06259155,0.9977875,0.002307098,0.002322922,True,True
6354672379,63784329081853,0.5517324,0.4821596,0.4796323,0.4802502,-14.7915,2.675123,-1.00986,0.02704599,0.9946696,-0.03378267,0.09359369,0,0,0,0,0,0,0,14.79201,-2.670979,0.9892063,-0.02420916,-0.9996547,-0.01021545,-0.02904608,0.00372081,-0.0199866,0.03004901,0.004567672,-0.02132085,0.06393433,-0.05491638,0.9964294,0.01933289,-0.06266785,0.9978333,0.002307312,0.002323044,True,True
6354680730,63784329081864,0.5519575,0.4809642,0.4797305,0.4802814,-14.79138,2.675041,-1.010008,0.02700624,0.9947195,-0.03381928,0.09305985,0,0,0,0,0,0,0,14.79188,-2.670898,0.9893559,-0.0242112,-0.9996548,-0.01019641,-0.02904962,0.003720016,-0.01998479,0.03004494,0.004566589,-0.02131863,0.06451416,-0.05841064,0.9962006,0.01959229,-0.06257629,0.9978333,0.002305786,0.00232312,True,True
6354689182,63784329081876,0.5513485,0.4808984,0.4789562,0.4802772,-14.79127,2.674925,-1.010228,0.02703018,0.9947556,-0.0337917,0.09267629,0,0,0,0,0,0,0,14.79176,-2.670782,0.9895808,-0.02419235,-0.9996551,-0.0102206,-0.02905414,0.003718704,-0.0199762,0.03004041,0.004566589,-0.02131863,0.06291199,-0.05860901,0.9962921,0.01754761,-0.06259155,0.997879,0.002306091,0.002322983,True,True
6354697512,63784329081886,0.5511398,0.4809303,0.4784248,0.4801157,-14.79121,2.674807,-1.010459,0.02684546,0.994804,-0.03378231,0.09221239,0,0,0,0,0,0,0,14.7917,-2.670668,0.9898308,-0.02416535,-0.9996569,-0.01010469,-0.02905608,0.003716797,-0.01997137,0.03003413,0.004560593,-0.02128447,0.06236267,-0.05851746,0.9963226,0.0161438,-0.06306458,0.9978638,0.002306061,0.002326767,True,True
6354705587,63784329081886,0.5497804,0.4815033,0.4784601,0.4796301,-14.79121,2.674807,-1.010459,0.02684546,0.994804,-0.03378231,0.09221239,0,0,0,0,0,0,0,14.79169,-2.670669,0.9898388,-0.02417563,-0.9996566,-0.01010426,-0.0290593,0.003716782,-0.01997134,0.03002937,0.004557709,-0.02126852,0.05879211,-0.05685425,0.9966431,0.01623535,-0.06448364,0.9977722,0.002306366,0.002334961,True,True
6354714110,63784329081897,0.5490464,0.4809682,0.4787089,0.4793115,-14.79114,2.674691,-1.010656,0.0267408,0.9948454,-0.03376401,0.0918012,0,0,0,0,0,0,0,14.79162,-2.670555,0.9900399,-0.02414722,-0.999658,-0.01004235,-0.02906215,0.003715897,-0.01997035,0.03002576,0.004556183,-0.02126143,0.05685425,-0.0584259,0.9966583,0.01689148,-0.06541443,0.9977112,0.002306274,0.002335159,True,True
6354722419,63784329081908,0.5491969,0.4809367,0.4789518,0.4791648,-14.79109,2.674537,-1.010872,0.02659092,0.9948829,-0.03365063,0.09148012,0,0,0,0,0,0,0,14.79156,-2.670402,0.9902624,-0.02404846,-0.9996612,-0.009954122,-0.02906612,0.003715439,-0.01997,0.03002136,0.004553863,-0.02124853,0.05725098,-0.05851746,0.9966431,0.01753235,-0.06584167,0.9976654,0.002306045,0.002327271,True,True
6354730833,63784329081920,0.5492839,0.4809988,0.4779521,0.4791919,-14.79107,2.674381,-1.0112,0.02647352,0.9949145,-0.0335796,0.0911965,0,0,0,0,0,0,0,14.79154,-2.67025,0.9906023,-0.02399161,-0.9996632,-0.009884044,-0.02907011,0.0037146,-0.01996962,0.03001456,0.004547501,-0.02122578,0.05747986,-0.05833435,0.9966278,0.01489258,-0.06576538,0.9977112,0.002306244,0.002321533,True,True
6354738991,63784329081920,0.5491677,0.4810046,0.4780564,0.4788628,-14.79107,2.674381,-1.0112,0.02647352,0.9949145,-0.0335796,0.0911965,0,0,0,0,0,0,0,14.79154,-2.670254,0.9906154,-0.02399164,-0.9996632,-0.009884187,-0.02907329,0.003713425,-0.01996732,0.03001015,0.004541229,-0.02120181,0.05717468,-0.05831909,0.9966583,0.01516724,-0.06672668,0.9976501,0.002291397,0.00231868,True,True
6354747439,63784329081931,0.5493715,0.4808159,0.4782589,0.4786485,-14.79099,2.674148,-1.011473,0.02647723,0.9949554,-0.03325155,0.09086776,0,0,0,0,0,0,0,14.79145,-2.670024,0.9908968,-0.02375767,-0.9996687,-0.009912519,-0.02907654,0.003713196,-0.01996732,0.03000584,0.004535782,-0.02118574,0.05770874,-0.05886841,0.996582,0.01570129,-0.06735229,0.9976044,0.002284943,0.002316193,True,True
6354755933,63784329081942,0.5494415,0.4806645,0.4776231,0.4788264,-14.791,2.673936,-1.011694,0.02650884,0.9949975,-0.03301722,0.09048277,0,0,0,0,0,0,0,14.79146,-2.669819,0.9911334,-0.02359426,-0.9996721,-0.009954357,-0.02907895,0.003710174,-0.01996732,0.02999977,0.004524979,-0.02115428,0.05789185,-0.05931091,0.9965515,0.01402283,-0.0668335,0.9976501,0.002280624,0.002314682,True,True
6354763989,63784329081953,0.5493963,0.480336,0.4777855,0.4782674,-14.79095,2.673658,-1.011982,0.02654491,0.9950429,-0.03256835,0.0901349,0,0,0,0,0,0,0,14.79141,-2.669543,0.9914277,-0.02328279,-0.9996788,-0.01001183,-0.02908353,0.003709259,-0.01996732,0.02999678,0.004520538,-0.02114159,0.05776978,-0.06027222,0.9965057,0.01445007,-0.06846619,0.9975433,0.002280487,0.002314728,True,True
6354772381,63784329081953,0.5489148,0.4804471,0.4775837,0.4777815,-14.79095,2.673658,-1.011982,0.02654491,0.9950429,-0.03256835,0.0901349,0,0,0,0,0,0,0,14.79141,-2.669547,0.9914349,-0.02328802,-0.9996787,-0.01001182,-0.02908556,0.003707672,-0.01996732,0.02999205,0.004514572,-0.02112712,0.0565033,-0.05995178,0.9965973,0.01391602,-0.06988525,0.9974518,0.002278473,0.002316223,True,True
6354780935,63784329081965,0.5483634,0.4807043,0.4775034,0.4772847,-14.79087,2.673345,-1.012326,0.02645203,0.9950767,-0.03230071,0.08988526,0,0,0,0,0,0,0,14.79132,-2.669238,0.9917865,-0.02309971,-0.9996835,-0.009969387,-0.02908937,0.003703613,-0.01996732,0.02998821,0.004509552,-0.0211116,0.05505371,-0.0592041,0.9967194,0.01370239,-0.07133484,0.997345,0.002262802,0.002314728,True,True
6354789226,63784329081976,0.5474592,0.4808113,0.4775498,0.4771174,-14.79077,2.673023,-1.012685,0.02643682,0.9951218,-0.03202772,0.08948791,0,0,0,0,0,0,0,14.79122,-2.668922,0.992159,-0.02290964,-0.9996877,-0.00998174,-0.0290907,0.003702133,-0.01996732,0.02998227,0.004500382,-0.0210838,0.05267334,-0.05889893,0.9968719,0.01382446,-0.07182312,0.9973145,0.002262817,0.002313766,True,True
6354797427,63784329081987,0.5476976,0.4805863,0.4769663,0.4768406,-14.79066,2.672618,-1.01308,0.02646167,0.9951619,-0.03181719,0.08910807,0,0,0,0,0,0,0,14.79111,-2.668522,0.9925669,-0.02276045,-0.9996908,-0.01001727,-0.02909375,0.003700088,-0.01996613,0.02997823,0.004492539,-0.0210605,0.05329895,-0.05955505,0.9967957,0.01228333,-0.07263184,0.9972687,0.00226239,0.00231691,True,True
6354805731,63784329081987,0.5476873,0.4802523,0.4763247,0.4768777,-14.79066,2.672618,-1.01308,0.02646167,0.9951619,-0.03181719,0.08910807,0,0,0,0,0,0,0,14.7911,-2.668523,0.9925689,-0.02276546,-0.9996907,-0.01001725,-0.02909641,0.003699264,-0.01996407,0.02997549,0.004490372,-0.0210587,0.05326843,-0.06053162,0.9967346,0.0105896,-0.07252502,0.9972992,0.002262039,0.002317108,True,True
6354814206,63784329081998,0.5477271,0.4804505,0.4762554,0.4767629,-14.79054,2.672259,-1.013461,0.02653151,0.9952069,-0.03161861,0.08865461,0,0,0,0,0,0,0,14.79097,-2.66817,0.9929549,-0.02262232,-0.9996933,-0.01008319,-0.02909927,0.003693924,-0.0199633,0.02997124,0.004483261,-0.0210486,0.05337524,-0.05995178,0.9967651,0.01040649,-0.07286072,0.9972839,0.002261948,0.002317459,True,True
6354822471,63784329082010,0.5471431,0.4801964,0.4760934,0.4769669,-14.79041,2.671978,-1.013863,0.02660598,0.9952392,-0.03177619,0.08821212,0,0,0,0,0,0,0,14.79084,-2.667894,0.9933589,-0.02272428,-0.9996904,-0.01013102,-0.0291013,0.003690887,-0.0199633,0.0299698,0.004478867,-0.02104443,0.05183411,-0.06069946,0.9967957,0.009979248,-0.07226563,0.9973297,0.002262726,0.002317307,True,True
6354830743,63784329082021,0.5473012,0.4797108,0.4749261,0.4767741,-14.79029,2.671667,-1.014242,0.026679,0.9952611,-0.03193468,0.08788504,0,0,0,0,0,0,0,14.79072,-2.667588,0.9937393,-0.02283223,-0.9996875,-0.01017628,-0.02910396,0.003685989,-0.0199633,0.02996701,0.004472595,-0.02104288,0.05224609,-0.06211853,0.9966888,0.006896973,-0.0728302,0.9973145,0.002262237,0.002316772,True,True
6354839173,63784329082021,0.5474909,0.480112,0.4751281,0.4771297,-14.79029,2.671667,-1.014242,0.026679,0.9952611,-0.03193468,0.08788504,0,0,0,0,0,0,0,14.79072,-2.667595,0.9937437,-0.02282933,-0.9996876,-0.010176,-0.02910648,0.003679764,-0.0199633,0.02996419,0.004464706,-0.02103424,0.05274963,-0.0609436,0.9967346,0.00743103,-0.0717926,0.9973907,0.002262207,0.00231459,True,True
6354847575,63784329082032,0.5474824,0.479277,0.4742092,0.4774281,-14.79012,2.671441,-1.014511,0.02670295,0.9952774,-0.03232856,0.08754875,0,0,0,0,0,0,0,14.79055,-2.667372,0.9940125,-0.02309132,-0.9996816,-0.01017482,-0.02910887,0.003678421,-0.0199633,0.02996217,0.00445964,-0.0210327,0.05271912,-0.06338501,0.996582,0.005004883,-0.07092285,0.997467,0.002261826,0.002314316,True,True
6354855661,63784329082043,0.5472163,0.4791525,0.4741223,0.4777888,-14.79,2.671173,-1.014839,0.0266651,0.9953024,-0.03287467,0.0870709,0,0,0,0,0,0,0,14.79042,-2.66711,0.9943432,-0.02344283,-0.9996739,-0.0101257,-0.02910962,0.003672134,-0.01995825,0.02995787,0.004453781,-0.0210327,0.05201721,-0.06375122,0.9965973,0.004776001,-0.06987,0.9975433,0.002262009,0.002302124,True,True
6354864277,63784329082055,0.5460751,0.4792497,0.4743017,0.4771769,-14.78997,2.670941,-1.015275,0.02669671,0.9953191,-0.03348151,0.08663841,0,0,0,0,0,0,0,14.79039,-2.666878,0.9947801,-0.02384484,-0.9996645,-0.0101196,-0.02911232,0.003670364,-0.01995712,0.02995505,0.004453781,-0.0210327,0.04901123,-0.06347656,0.9967651,0.005249023,-0.07165527,0.997406,0.002261536,0.00231427,True,True
6354872415,63784329082055,0.5453342,0.4792258,0.4742266,0.4771925,-14.78997,2.670941,-1.015275,0.02669671,0.9953191,-0.03348151,0.08663841,0,0,0,0,0,0,0,14.79039,-2.666879,0.9947803,-0.02385116,-0.9996643,-0.01011943,-0.02911433,0.003670242,-0.01995671,0.02995262,0.004453781,-0.0210327,0.04705811,-0.06355286,0.9968567,0.005050659,-0.0716095,0.997406,0.002261734,0.002317062,True,True
6354880846,63784329082065,0.5450535,0.4783182,0.4741572,0.4772033,-14.78984,2.67073,-1.015519,0.02675056,0.9953357,-0.03410069,0.08618827,0,0,0,0,0,0,0,14.79026,-2.66667,0.9950258,-0.02425711,-0.9996545,-0.01012859,-0.02911621,0.003666794,-0.01995476,0.02994782,0.004453781,-0.0210327,0.04631042,-0.06620789,0.9967194,0.004867554,-0.07157898,0.9974213,0.002261169,0.002328628,True,True
6354889014,63784329082077,0.5445704,0.4790819,0.4743306,0.4772137,-14.78965,2.670555,-1.015821,0.02697792,0.9953399,-0.03471094,0.08582485,0,0,0,0,0,0,0,14.79006,-2.666495,0.9953278,-0.02466942,-0.9996431,-0.01025273,-0.02911717,0.003666351,-0.01995416,0.02994267,0.004453781,-0.0210327,0.04504395,-0.0639801,0.996933,0.005325317,-0.07154846,0.9974213,0.002246994,0.00232872,True,True
6354897422,63784329082088,0.5445996,0.4790711,0.4744346,0.4772134,-14.78967,2.670444,-1.016121,0.02711691,0.9953415,-0.03544095,0.08546335,0,0,0,0,0,0,0,14.79008,-2.666384,0.9956278,-0.02515315,-0.9996304,-0.01031153,-0.02911847,0.003666351,-0.01995416,0.02994122,0.004453781,-0.0210327,0.04512024,-0.06401062,0.9969177,0.005599976,-0.07154846,0.997406,0.002233856,0.002328506,True,True
6354905849,63784329082088,0.5446137,0.4782829,0.4746715,0.4772134,-14.78967,2.670444,-1.016121,0.02711691,0.9953415,-0.03544095,0.08546335,0,0,0,0,0,0,0,14.79007,-2.666384,0.995629,-0.02515106,-0.9996305,-0.01031197,-0.02911903,0.003666351,-0.0199519,0.02993794,0.004453781,-0.0210327,0.04515076,-0.0663147,0.9967651,0.006225586,-0.07154846,0.997406,0.002246689,0.002328766,True,True
6354914315,63784329082100,0.5438026,0.4785462,0.4748219,0.4770357,-14.78954,2.670327,-1.016208,0.02717813,0.9953473,-0.03600743,0.08513832,0,0,0,0,0,0,0,14.78995,-2.666268,0.9957156,-0.02552805,-0.9996207,-0.0103272,-0.02912181,0.003666351,-0.0199519,0.0299359,0.004451675,-0.0210327,0.04301453,-0.06555176,0.9969177,0.006622314,-0.07206726,0.9973755,0.002247025,0.002329712,True,True
6354922393,63784329082110,0.5434159,0.4782808,0.4750068,0.4770302,-14.78945,2.670225,-1.016353,0.02724717,0.9953389,-0.03667522,0.08492983,0,0,0,0,0,0,0,14.78985,-2.666166,0.9958608,-0.02597342,-0.9996092,-0.01034029,-0.02912495,0.003666351,-0.0199519,0.02993163,0.004451675,-0.0210327,0.04199219,-0.06632996,0.9969025,0.007110596,-0.07208252,0.9973602,0.002246933,0.002329956,True,True
6354930804,63784329082121,0.5433292,0.4782496,0.4752323,0.4769149,-14.78943,2.670101,-1.01641,0.02732658,0.995335,-0.03706058,0.08478195,0,0,0,0,0,0,0,14.78983,-2.666041,0.9959116,-0.02622966,-0.9996021,-0.01037509,-0.0291275,0.003666351,-0.01995004,0.02992828,0.004453781,-0.02104718,0.04176331,-0.06642151,0.9969025,0.007705688,-0.07241821,0.9973297,0.002246903,0.002317154,True,True
6354939028,63784329082121,0.543283,0.4782185,0.4742329,0.4759005,-14.78943,2.670101,-1.01641,0.02732658,0.995335,-0.03706058,0.08478195,0,0,0,0,0,0,0,14.78983,-2.666047,0.9959064,-0.02623752,-0.9996018,-0.01037543,-0.0291275,0.003666214,-0.01994917,0.02993123,0.004442184,-0.02105847,0.04164124,-0.06651306,0.9969025,0.005065918,-0.07537842,0.9971313,0.002230133,0.002272018,True,True
6354947357,63784329082132,0.556105,0.4749847,0.4810416,0.477197,-14.78928,2.670063,-1.016371,0.02732386,0.9953438,-0.03732121,0.08456541,0,0,0,0,0,0,0,14.78977,-2.665994,0.9957377,-0.02625257,-0.9996015,-0.01036992,-0.02904453,0.003689011,-0.02005182,0.03001938,0.004450409,-0.02121495,0.07531738,-0.07580566,0.9942627,0.02304077,-0.07157898,0.9971619,0.002245895,0.002233505,True,True
6354955565,63784329082143,0.5598758,0.4751478,0.4863156,0.4727694,-14.7892,2.670036,-1.016318,0.02723028,0.9953538,-0.03723237,0.08451764,0,0,0,0,0,0,0,14.78975,-2.66598,0.9956492,-0.0261158,-0.9996056,-0.01031928,-0.02897099,0.003688355,-0.02013013,0.03008421,0.004424621,-0.0212074,0.08518982,-0.07527161,0.993515,0.03691101,-0.08444214,0.9957428,0.002165985,0.002275101,True,True
6354963924,63784329082155,0.5620902,0.4743524,0.4904311,0.4720781,-14.78917,2.670042,-1.016336,0.02717006,0.9953769,-0.03697166,0.08437812,0,0,0,0,0,0,0,14.78977,-2.66602,0.9957241,-0.0258844,-0.9996119,-0.01030014,-0.02892712,0.003666626,-0.0201084,0.03013255,0.004377518,-0.02111621,0.09095764,-0.07754517,0.9928284,0.04772949,-0.08641052,0.9951019,0.002300507,0.002315704,True,True
6354972230,63784329082155,0.5605444,0.4740258,0.4884663,0.4776573,-14.78917,2.670042,-1.016336,0.02717006,0.9953769,-0.03697166,0.08437812,0,0,0,0,0,0,0,14.78978,-2.666014,0.9956741,-0.02591238,-0.9996112,-0.01029527,-0.02891745,0.003686951,-0.02018045,0.03013834,0.004369644,-0.02114421,0.08691406,-0.07852173,0.993103,0.0426178,-0.07019043,0.9966125,0.002182602,0.002299164,True,True
6354980715,63784329082165,0.560478,0.4742678,0.4887708,0.4766988,-14.78909,2.67005,-1.016284,0.02706441,0.9954028,-0.03662947,0.08425684,0,0,0,0,0,0,0,14.78969,-2.666024,0.995615,-0.02567152,-0.9996179,-0.0102462,-0.02892059,0.003682693,-0.02018179,0.03013502,0.004368545,-0.02115689,0.08674622,-0.07781982,0.9931793,0.04341125,-0.07298279,0.9963837,0.002200851,0.002252212,True,True
6354989043,63784329082177,0.5608269,0.4744861,0.4890757,0.4757343,-14.78893,2.670073,-1.016097,0.02686443,0.9954535,-0.03552232,0.08419584,0,0,0,0,0,0,0,14.78953,-2.66605,0.9954205,-0.02491248,-0.9996379,-0.01017519,-0.02892374,0.003678436,-0.02018314,0.03013171,0.004367462,-0.02116957,0.08766174,-0.07717896,0.9931488,0.04420471,-0.07579041,0.9961395,0.002219192,0.002205002,True,True
6354997246,63784329082188,0.5607483,0.4740406,0.4889149,0.4753624,-14.7889,2.670142,-1.016068,0.02676024,0.9954869,-0.0346961,0.08417813,0,0,0,0,0,0,0,14.7895,-2.666122,0.9953833,-0.02435503,-0.9996518,-0.01015168,-0.02892586,0.003673584,-0.02019186,0.03012913,0.004365631,-0.02117747,0.08744812,-0.07847595,0.9930725,0.04377747,-0.07687378,0.9960632,0.002209198,0.002231567,True,True
6355005671,63784329082188,0.560676,0.4735842,0.4887491,0.4747027,-14.7889,2.670142,-1.016068,0.02676024,0.9954869,-0.0346961,0.08417813,0,0,0,0,0,0,0,14.7895,-2.666126,0.9953829,-0.02435667,-0.9996517,-0.01015221,-0.02892798,0.003668732,-0.02020059,0.03012891,0.0043638,-0.02116957,0.08724976,-0.07980347,0.992981,0.04333496,-0.07879639,0.9959412,0.002202393,0.002236298,True,True
6355014021,63784329082200,0.5610523,0.4740281,0.4887939,0.4736483,-14.7888,2.670251,-1.015895,0.02659081,0.9955332,-0.03347501,0.08417837,0,0,0,0,0,0,0,14.7894,-2.666247,0.9952098,-0.02352691,-0.9996721,-0.01010673,-0.02893005,0.003653656,-0.02020814,0.03012773,0.004354416,-0.02116232,0.08824158,-0.07850647,0.9929962,0.04344177,-0.0818634,0.9956818,0.002210327,0.002231003,True,True
6355022373,63784329082210,0.5610455,0.4742063,0.488833,0.4725776,-14.78869,2.670352,-1.015776,0.02643026,0.9955723,-0.03225647,0.08424304,0,0,0,0,0,0,0,14.78929,-2.66636,0.9950986,-0.02270426,-0.9996915,-0.01006605,-0.02893211,0.003638565,-0.02020059,0.03012657,0.004345032,-0.02115506,0.08822632,-0.07798767,0.9930267,0.04353333,-0.0849762,0.9954224,0.002218536,0.002225174,True,True
6355030774,63784329082222,0.5613027,0.4741838,0.4888158,0.4724833,-14.78873,2.670473,-1.015803,0.02634887,0.9955985,-0.03104226,0.08441442,0,0,0,0,0,0,0,14.78933,-2.666494,0.9951273,-0.02189063,-0.9997095,-0.01007636,-0.02893303,0.00362735,-0.02019186,0.03012773,0.00433075,-0.02116016,0.08889771,-0.07804871,0.9929657,0.04348755,-0.08525085,0.9954071,0.002210648,0.002230362,True,True
6355039169,63784329082222,0.5611436,0.4743163,0.488689,0.4723521,-14.78873,2.670473,-1.015803,0.02634887,0.9955985,-0.03104226,0.08441442,0,0,0,0,0,0,0,14.78933,-2.666506,0.9951245,-0.02189282,-0.9997095,-0.01007622,-0.02893394,0.00361615,-0.02019254,0.03012891,0.004316452,-0.02116525,0.08848572,-0.07766724,0.993042,0.04315186,-0.08563232,0.9953766,0.002202927,0.002224823,True,True
6355047502,63784329082233,0.5613402,0.4746141,0.488582,0.4729616,-14.78863,2.670589,-1.015576,0.02619234,0.9956274,-0.02986542,0.08454689,0,0,0,0,0,0,0,14.78922,-2.666641,0.9948939,-0.02109991,-0.9997271,-0.01003427,-0.02893405,0.003601822,-0.02019656,0.03013005,0.004294357,-0.02116742,0.08900452,-0.07679749,0.9930573,0.0428772,-0.0838623,0.9955444,0.002201126,0.002220779,True,True
6355055677,63784329082244,0.5614545,0.4749179,0.4863713,0.4701999,-14.78871,2.670703,-1.015408,0.02607072,0.9956567,-0.02869691,0.08464347,0,0,0,0,0,0,0,14.78931,-2.666807,0.9946678,-0.0203296,-0.9997432,-0.010017,-0.02893416,0.003587494,-0.02020059,0.03014351,0.004205856,-0.02127988,0.08930969,-0.07591248,0.993103,0.03703308,-0.09190369,0.9950714,0.002199768,0.00220845,True,True
6355063988,63784329082255,0.5612785,0.4750291,0.4886844,0.4706706,-14.78875,2.670745,-1.015184,0.02610543,0.9956525,-0.02766526,0.08502528,0,0,0,0,0,0,0,14.78935,-2.66689,0.9945084,-0.01963574,-0.9997562,-0.01009356,-0.02893405,0.003569962,-0.02020814,0.03013393,0.004140488,-0.02114304,0.08885193,-0.07559204,0.9931641,0.04312134,-0.09051514,0.9949493,0.002201096,0.002165176,True,True
6355072367,63784329082255,0.5611031,0.4750772,0.4911345,0.4706668,-14.78875,2.670745,-1.015184,0.02610543,0.9956525,-0.02766526,0.08502528,0,0,0,0,0,0,0,14.78935,-2.66691,0.9945241,-0.01961823,-0.9997566,-0.01009472,-0.02893394,0.003552429,-0.0202112,0.03013284,0.004119019,-0.02110872,0.08839417,-0.07545471,0.9932098,0.04956055,-0.09049988,0.9946594,0.002199402,0.002252029,True,True
6355080828,63784329082266,0.5611843,0.4759317,0.4885243,0.4714598,-14.78871,2.670755,-1.01496,0.02599202,0.9956537,-0.02662694,0.0853766,0,0,0,0,0,0,0,14.78931,-2.666937,0.9942853,-0.01894638,-0.9997697,-0.01007025,-0.02893311,0.003537079,-0.02021225,0.03013393,0.004097565,-0.02113687,0.08862305,-0.07296753,0.9933777,0.04270935,-0.08822632,0.9951782,0.00219783,0.002239975,True,True
6355088970,63784329082277,0.5612656,0.476786,0.486904,0.4704402,-14.78876,2.67081,-1.014766,0.02605063,0.9956456,-0.02576454,0.0857169,0,0,0,0,0,0,0,14.78937,-2.667011,0.9940562,-0.01839362,-0.9997793,-0.01015354,-0.02893227,0.003521729,-0.0202133,0.03014728,0.004075104,-0.02120544,0.08885193,-0.07048035,0.9935455,0.03843689,-0.09120178,0.9950867,0.002195999,0.002233566,True,True
6355097540,63784329082288,0.5612815,0.4731337,0.4874506,0.4661187,-14.78881,2.670792,-1.014576,0.02615154,0.9956097,-0.02519009,0.08627237,0,0,0,0,0,0,0,14.78942,-2.667011,0.9938473,-0.01802506,-0.9997849,-0.0102529,-0.02893227,0.003503601,-0.0202157,0.03015485,0.004057678,-0.02124226,0.08882141,-0.08110046,0.9927368,0.03982544,-0.103714,0.9938049,0.002194092,0.002177933,True,True
6355105632,63784329082288,0.5613652,0.472229,0.4899417,0.4675963,-14.78881,2.670792,-1.014576,0.02615154,0.9956097,-0.02519009,0.08627237,0,0,0,0,0,0,0,14.78942,-2.667027,0.9938587,-0.01800534,-0.9997853,-0.01025381,-0.02893227,0.003490814,-0.02021584,0.03015863,0.004037323,-0.02121938,0.08901978,-0.08372498,0.9924927,0.04638672,-0.09941101,0.9939575,0.00219162,0.002249741,True,True
6355114002,63784329082300,0.5613109,0.4724082,0.4901454,0.4664192,-14.78876,2.670757,-1.014327,0.02617448,0.9955906,-0.02460672,0.08665295,0,0,0,0,0,0,0,14.78937,-2.667006,0.9936066,-0.01762518,-0.9997916,-0.01029909,-0.02893227,0.003472885,-0.02022937,0.03015994,0.00402919,-0.0212121,0.08888245,-0.08320618,0.9925537,0.04690552,-0.1028137,0.9935913,0.002173675,0.002193985,True,True
6355122354,63784329082311,0.5614192,0.4693606,0.4902838,0.4666506,-14.78873,2.670648,-1.014039,0.02636378,0.9955515,-0.0240882,0.08718966,0,0,0,0,0,0,0,14.78934,-2.666919,0.9933144,-0.01730149,-0.9997957,-0.01045236,-0.02893227,0.003436111,-0.02024464,0.03016125,0.004021072,-0.02120483,0.08909607,-0.09204102,0.9917603,0.04727173,-0.1021423,0.9936371,0.002161697,0.002160538,True,True
6355130721,63784329082311,0.5611365,0.470242,0.4900291,0.4664615,-14.78877,2.670554,-1.013879,0.02637748,0.9955054,-0.02372395,0.08780937,0,0,0,0,0,0,0,14.78935,-2.666941,0.9933138,-0.01730567,-0.9997956,-0.01045157,-0.02892883,0.003401825,-0.02025272,0.03016141,0.004012466,-0.021198,0.08837891,-0.0894928,0.9920502,0.04660034,-0.1026917,0.9936066,0.002161652,0.002192337,True,True
6355139014,63784329082322,0.5606816,0.4694709,0.4902048,0.4662232,-14.78877,2.670554,-1.013879,0.02637748,0.9955054,-0.02372395,0.08780937,0,0,0,0,0,0,0,14.78939,-2.666859,0.9931566,-0.01708162,-0.9997992,-0.01047596,-0.02892221,0.003386002,-0.02025359,0.03016156,0.004003845,-0.02119116,0.08717346,-0.09173584,0.9919434,0.04705811,-0.1033783,0.993515,0.002160248,0.00218779,True,True
6355147324,63784329082333,0.5604326,0.470484,0.4902578,0.4661015,-14.78877,2.670434,-1.01364,0.02651208,0.995459,-0.02349433,0.08835492,0,0,0,0,0,0,0,14.78939,-2.666751,0.9929166,-0.01695229,-0.9998004,-0.0105734,-0.02891859,0.003365463,-0.02025359,0.03016307,0.004000549,-0.02119396,0.08654785,-0.08880615,0.9922791,0.04719543,-0.1037292,0.9934692,0.002156418,0.002193176,True,True
6355155623,63784329082345,0.5603763,0.4682928,0.4903341,0.4659536,-14.78879,2.670318,-1.013417,0.02653418,0.9954045,-0.02325562,0.08902252,0,0,0,0,0,0,0,14.78942,-2.666642,0.9926922,-0.01681173,-0.9998025,-0.01059727,-0.02891769,0.00335466,-0.02025359,0.0301646,0.003997238,-0.02119673,0.08634949,-0.09515381,0.9916992,0.0473938,-0.1041565,0.9934235,0.002155518,0.002187485,True,True
6355163902,63784329082345,0.560394,0.4676388,0.4904891,0.4663016,-14.78879,2.670318,-1.013417,0.02653418,0.9954045,-0.02325562,0.08902252,0,0,0,0,0,0,0,14.78942,-2.666649,0.9926915,-0.01681039,-0.9998025,-0.01059759,-0.02891673,0.003347,-0.02025359,0.03016594,0.003990784,-0.02119811,0.08638,-0.0970459,0.9915161,0.04780579,-0.1031494,0.993515,0.002155197,0.002192947,True,True
6355172342,63784329082357,0.5612459,0.4679064,0.4903084,0.4664024,-14.78884,2.670193,-1.013193,0.02652279,0.9953389,-0.02296093,0.08983216,0,0,0,0,0,0,0,14.78946,-2.666533,0.992467,-0.0166293,-0.9998056,-0.01059941,-0.0289163,0.003331207,-0.02025359,0.03016728,0.003987641,-0.02119946,0.08860779,-0.09625244,0.991394,0.04733276,-0.1028595,0.9935608,0.002155426,0.002193894,True,True
6355180809,63784329082367,0.5616016,0.466241,0.4903844,0.4663073,-14.78887,2.670053,-1.01299,0.02648412,0.9952825,-0.02286201,0.09049117,0,0,0,0,0,0,0,14.7895,-2.666404,0.9922644,-0.0165754,-0.9998067,-0.01057439,-0.02891618,0.00331131,-0.02025272,0.03016876,0.003987381,-0.02119811,0.0894928,-0.101059,0.9908447,0.04753113,-0.1031342,0.9935303,0.002154709,0.002190628,True,True
6355188970,63784329082379,0.5614188,0.4652642,0.4904435,0.4661694,-14.78901,2.669978,-1.012773,0.02638035,0.9952279,-0.0225159,0.09120534,0,0,0,0,0,0,0,14.78964,-2.666335,0.9920482,-0.01635718,-0.9998109,-0.01051933,-0.02891243,0.003297974,-0.02025198,0.03017023,0.003987641,-0.02119673,0.08898926,-0.1038818,0.9905853,0.04768372,-0.1035309,0.9934692,0.002154251,0.002193771,True,True
6355197226,63784329082379,0.5616814,0.4659281,0.4904178,0.4655464,-14.78901,2.669978,-1.012773,0.02638035,0.9952279,-0.0225159,0.09120534,0,0,0,0,0,0,0,14.78964,-2.666338,0.9920475,-0.01635534,-0.9998109,-0.01051942,-0.02890833,0.003285904,-0.02025198,0.0301721,0.003992447,-0.02119811,0.08969116,-0.1019592,0.9907227,0.04760742,-0.1053314,0.9932861,0.00215419,0.002195343,True,True
6355205554,63784329082390,0.5615351,0.4658926,0.490404,0.4649018,-14.78908,2.669902,-1.012605,0.02619561,0.9951504,-0.02210833,0.09219982,0,0,0,0,0,0,0,14.78971,-2.666264,0.991879,-0.01609847,-0.9998162,-0.01041089,-0.028903,0.003279541,-0.02025198,0.03017396,0.003997238,-0.02119946,0.08930969,-0.102066,0.9907532,0.04756165,-0.107193,0.9930878,0.002154602,0.002193298,True,True
6355214021,63784329082400,0.5620962,0.4660358,0.4908833,0.4635246,-14.78916,2.669815,-1.012404,0.02603381,0.9950867,-0.02153465,0.09306414,0,0,0,0,0,0,0,14.78979,-2.66618,0.9916852,-0.01571789,-0.9998231,-0.01033086,-0.02889777,0.00327092,-0.02023587,0.03017424,0.003998337,-0.02120215,0.09077454,-0.1016388,0.9906616,0.04879761,-0.1111603,0.9925995,0.002155106,0.002189819,True,True
6355222325,63784329082411,0.5630799,0.4655887,0.4913519,0.4621605,-14.78921,2.669837,-1.012285,0.02591525,0.9950308,-0.02081451,0.09385554,0,0,0,0,0,0,0,14.78985,-2.666205,0.9915752,-0.01523573,-0.999831,-0.01029115,-0.02889377,0.003264771,-0.02021475,0.0301745,0.00399942,-0.02120483,0.09332275,-0.1029053,0.9902954,0.05000305,-0.1150818,0.9920807,0.002160446,0.002192383,True,True
6355230617,63784329082411,0.5635818,0.4652671,0.4911835,0.4620611,-14.78921,2.669837,-1.012285,0.02591525,0.9950308,-0.02081451,0.09385554,0,0,0,0,0,0,0,14.78985,-2.666205,0.9915767,-0.01523315,-0.999831,-0.01029169,-0.02888602,0.003264313,-0.02021175,0.03017909,0.00399942,-0.02120483,0.09461975,-0.1038208,0.9900818,0.04956055,-0.1153717,0.9920807,0.00216156,0.002192337,True,True
6355239005,63784329082422,0.5631512,0.4644293,0.4927442,0.462148,-14.7893,2.669821,-1.012102,0.0257281,0.9949661,-0.01991438,0.09478364,0,0,0,0,0,0,0,14.78995,-2.666191,0.991412,-0.01463098,-0.9998407,-0.01021573,-0.02887866,0.003259888,-0.02017007,0.03018031,0.00399942,-0.02120914,0.09347534,-0.1062469,0.9899292,0.0536499,-0.115097,0.9918976,0.002171478,0.002192627,True,True
6355247515,63784329082433,0.5637044,0.4637834,0.4925341,0.462223,-14.78938,2.669828,-1.011856,0.02534408,0.9949069,-0.01884807,0.09572183,0,0,0,0,0,0,0,14.79004,-2.666198,0.9911803,-0.01390963,-0.9998531,-0.01001805,-0.02887584,0.003259766,-0.02013355,0.03018384,0.00399942,-0.02121831,0.09489441,-0.1080933,0.9895935,0.05310059,-0.1148834,0.9919434,0.002172851,0.00219574,True,True
6355255611,63784329082446,0.5650587,0.4635055,0.4931493,0.4617163,-14.78945,2.669811,-1.01158,0.02494052,0.9948436,-0.01798826,0.0966469,0,0,0,0,0,0,0,14.79011,-2.666176,0.9908957,-0.01331202,-0.9998634,-0.009796202,-0.02887003,0.003259766,-0.02012997,0.03018785,0.004010696,-0.02123909,0.09840393,-0.1088562,0.9891663,0.05470276,-0.116333,0.9916992,0.002173019,0.002195297,True,True
6355263923,63784329082446,0.5656699,0.463505,0.4933547,0.4607646,-14.78945,2.669811,-1.01158,0.02494052,0.9948436,-0.01798826,0.0966469,0,0,0,0,0,0,0,14.79012,-2.666168,0.9908811,-0.01330567,-0.9998634,-0.00979753,-0.02886537,0.003259613,-0.02012997,0.03019693,0.0040271,-0.02126832,0.09999084,-0.1088409,0.9890137,0.05522156,-0.1190643,0.991333,0.002183243,0.002195847,True,True
6355272417,63784329082457,0.5661552,0.4628052,0.4932355,0.4610895,-14.78958,2.669798,-1.011386,0.02449927,0.9947782,-0.01692759,0.0976197,0,0,0,0,0,0,0,14.79025,-2.666154,0.9906698,-0.01258244,-0.9998751,-0.009562689,-0.02885927,0.003258225,-0.02012997,0.03020277,0.004028534,-0.02130202,0.1012268,-0.1108398,0.9886627,0.05491638,-0.1181335,0.9914703,0.002183182,0.002194473,True,True
6355280650,63784329082467,0.5657947,0.4624797,0.4932601,0.4617261,-14.78969,2.669805,-1.011129,0.02408697,0.994714,-0.01591191,0.09854231,0,0,0,0,0,0,0,14.79036,-2.666162,0.9903904,-0.01189429,-0.9998856,-0.009344882,-0.02885385,0.003257996,-0.02012997,0.03020981,0.004028534,-0.02134737,0.1002808,-0.1117859,0.9886475,0.05499268,-0.1163025,0.991684,0.002188461,0.002211212,True,True
6355288909,63784329082479,0.5668674,0.4623676,0.4937903,0.4617603,-14.78995,2.669893,-1.010963,0.02367719,0.9946522,-0.01499243,0.09940598,0,0,0,0,0,0,0,14.79064,-2.666251,0.9902241,-0.01125365,-0.999895,-0.009125275,-0.02884776,0.003255951,-0.02012997,0.03021718,0.004028534,-0.02134737,0.1030579,-0.1120758,0.988327,0.05638123,-0.1161957,0.9916229,0.002188309,0.002211548,True,True
6355297303,63784329082479,0.5671758,0.462163,0.4946536,0.4617704,-14.78995,2.669893,-1.010963,0.02367719,0.9946522,-0.01499243,0.09940598,0,0,0,0,0,0,0,14.79064,-2.666252,0.9902241,-0.0112446,-0.9998951,-0.009126177,-0.02884195,0.003254425,-0.02012997,0.03022258,0.004028534,-0.02134737,0.1038513,-0.1126556,0.9881897,0.05863953,-0.1161499,0.9914856,0.002188492,0.002211746,True,True
6355305652,63784329082490,0.5675724,0.4620312,0.4955225,0.4610961,-14.79009,2.669932,-1.010819,0.02319034,0.9945861,-0.01402456,0.1003191,0,0,0,0,0,0,0,14.79078,-2.666291,0.9900803,-0.01056851,-0.9999049,-0.008858849,-0.0288356,0.003254425,-0.02012997,0.03022688,0.004028534,-0.02134737,0.1048737,-0.1130219,0.9880371,0.06089783,-0.1180725,0.9911194,0.002183106,0.002217835,True,True
6355314218,63784329082501,0.5673374,0.4620068,0.4953136,0.4609541,-14.79019,2.670014,-1.010605,0.02259981,0.9945273,-0.01314772,0.1011524,0,0,0,0,0,0,0,14.79089,-2.666373,0.9898667,-0.009957026,-0.9999142,-0.008514812,-0.02882959,0.003254425,-0.02012997,0.03024129,0.004028534,-0.02134737,0.1042633,-0.1130981,0.9880829,0.06034851,-0.1184845,0.9911041,0.002182861,0.002217819,True,True
6355322183,63784329082512,0.5675305,0.4603726,0.4955101,0.460438,-14.79027,2.670036,-1.010424,0.02194759,0.9944682,-0.01221063,0.1019926,0,0,0,0,0,0,0,14.79098,-2.666395,0.9896806,-0.009292939,-0.9999237,-0.008136217,-0.02882202,0.003253708,-0.0201398,0.03024843,0.004028534,-0.02134737,0.1047058,-0.1177826,0.9874878,0.06085205,-0.1199646,0.9909058,0.002182251,0.002217667,True,True
6355330610,63784329082512,0.5680642,0.4605741,0.4969517,0.4585819,-14.79027,2.670036,-1.010424,0.02194759,0.9944682,-0.01221063,0.1019926,0,0,0,0,0,0,0,14.79099,-2.666395,0.9896696,-0.009277642,-0.9999238,-0.008139087,-0.02881598,0.003253708,-0.02016194,0.03025694,0.004028534,-0.02134737,0.1060944,-0.1171875,0.9874115,0.0645752,-0.1252594,0.9900055,0.002177414,0.002222549,True,True
6355339108,63784329082523,0.5677939,0.4600823,0.4976807,0.457527,-14.79047,2.670088,-1.010257,0.02140225,0.9944028,-0.01131332,0.1028451,0,0,0,0,0,0,0,14.7912,-2.666455,0.9894935,-0.008646164,-0.9999319,-0.007830387,-0.02881072,0.003252258,-0.0201804,0.03026173,0.004013397,-0.02134737,0.1053772,-0.1186066,0.9873199,0.06645203,-0.1282654,0.989502,0.002195145,0.002222214,True,True
6355347439,63784329082534,0.5672089,0.4605893,0.4976112,0.4568237,-14.79059,2.670157,-1.010045,0.02086461,0.9943622,-0.01042044,0.1034405,0,0,0,0,0,0,0,14.79132,-2.666524,0.9892555,-0.008020617,-0.9999395,-0.007526198,-0.02880341,0.003251755,-0.02021422,0.0302688,0.004013397,-0.02136417,0.1038818,-0.1171722,0.9876556,0.06625366,-0.1302795,0.9892578,0.00217656,0.002216309,True,True
6355355507,63784329082546,0.5678826,0.46006,0.4978567,0.4568748,-14.79077,2.670208,-1.0099,0.0203533,0.9943136,-0.009563991,0.1040905,0,0,0,0,0,0,0,14.79151,-2.666575,0.9891049,-0.007409605,-0.9999464,-0.00723899,-0.02879805,0.003251404,-0.0202188,0.03027411,0.004013397,-0.02137112,0.1056061,-0.1186676,0.9872894,0.06689453,-0.130127,0.9892273,0.002194779,0.002210083,True,True
6355364111,63784329082546,0.5712212,0.459157,0.497694,0.4555572,-14.79077,2.670208,-1.0099,0.0203533,0.9943136,-0.009563991,0.1040905,0,0,0,0,0,0,0,14.79152,-2.666577,0.9890954,-0.007385233,-0.9999465,-0.007243397,-0.02879277,0.003247223,-0.02023782,0.03028055,0.004013397,-0.02137112,0.1141968,-0.1211395,0.9860382,0.06643677,-0.1338959,0.9887543,0.002175781,0.002209854,True,True
6355372371,63784329082557,0.5713727,0.4596725,0.4975818,0.4527854,-14.79098,2.670265,-1.009806,0.01999495,0.9942588,-0.008865565,0.104744,0,0,0,0,0,0,0,14.79173,-2.666642,0.9889984,-0.006898076,-0.9999514,-0.007050524,-0.0287863,0.003233643,-0.02024011,0.03028818,0.004013397,-0.02137485,0.1146088,-0.1196594,0.9861755,0.06607056,-0.1417999,0.9876709,0.00217601,0.002196945,True,True
6355380703,63784329082568,0.5722921,0.4577337,0.4986492,0.4527388,-14.79114,2.670326,-1.00965,0.0195964,0.9942197,-0.008248203,0.1052393,0,0,0,0,0,0,0,14.7919,-2.666709,0.9888422,-0.006444699,-0.999956,-0.006826594,-0.02877841,0.003220367,-0.02024028,0.03029564,0.004013397,-0.02137485,0.1168976,-0.1251678,0.9852142,0.06884766,-0.1419067,0.9874725,0.00216394,0.002197189,True,True
6355388983,63784329082579,0.572281,0.4559315,0.5004524,0.4515891,-14.79135,2.670372,-1.009598,0.01927022,0.9941825,-0.007551698,0.1057024,0,0,0,0,0,0,0,14.79212,-2.666757,0.9887908,-0.005943302,-0.9999601,-0.006658832,-0.02876926,0.003216034,-0.02024028,0.03030144,0.004013397,-0.02137485,0.1167908,-0.1303101,0.9845581,0.07350159,-0.1451263,0.9866638,0.002162674,0.002191193,True,True
6355397352,63784329082579,0.5726075,0.454872,0.5027052,0.4514267,-14.79135,2.670372,-1.009598,0.01927022,0.9941825,-0.007551698,0.1057024,0,0,0,0,0,0,0,14.79212,-2.666761,0.9887908,-0.005923526,-0.9999602,-0.006662119,-0.02876299,0.003207367,-0.02024028,0.03030484,0.004013397,-0.02137485,0.1175842,-0.133316,0.9840698,0.0793457,-0.1455231,0.9861603,0.002162964,0.002183792,True,True
6355405700,63784329082590,0.5722405,0.4555252,0.4978412,0.4566668,-14.79157,2.670406,-1.009541,0.01894425,0.994156,-0.006929418,0.1060523,0,0,0,0,0,0,0,14.79238,-2.666793,0.9884287,-0.00552396,-0.9999638,-0.00647485,-0.02875627,0.003192245,-0.02024028,0.03037729,0.004033096,-0.02198505,0.1166687,-0.1314697,0.9844208,0.06684875,-0.130722,0.989151,0.002162964,0.002171905,True,True
6355414040,63784329082601,0.5718662,0.4538635,0.4980277,0.4567402,-14.79176,2.670458,-1.009447,0.01858903,0.9941405,-0.006456248,0.1062897,0,0,0,0,0,0,0,14.79258,-2.66685,0.9883313,-0.005182723,-0.9999669,-0.006269208,-0.02874846,0.003182846,-0.02024028,0.03038371,0.004033096,-0.02199123,0.1156311,-0.1362152,0.983902,0.06733704,-0.1305084,0.989151,0.002170715,0.002171768,True,True
6355422226,63784329082612,0.5714694,0.4545338,0.4982749,0.4548629,-14.79198,2.670499,-1.009374,0.01836804,0.9941282,-0.005979336,0.1064715,0,0,0,0,0,0,0,14.7928,-2.666897,0.9882556,-0.004847181,-0.9999693,-0.006154764,-0.02873781,0.003170731,-0.02024028,0.03039241,0.004033096,-0.02199736,0.1146393,-0.1343231,0.9842682,0.06793213,-0.1358643,0.9883881,0.002170792,0.002171173,True,True
6355430587,63784329082612,0.5739321,0.4538758,0.4978446,0.4545562,-14.79198,2.670499,-1.009374,0.01836804,0.9941282,-0.005979336,0.1064715,0,0,0,0,0,0,0,14.79281,-2.666903,0.9882529,-0.004831686,-0.9999694,-0.006157266,-0.02872588,0.003158295,-0.02023886,0.03040065,0.004033096,-0.02200409,0.1209412,-0.1360931,0.9832764,0.06680298,-0.1367493,0.9883423,0.002178391,0.002170807,True,True
6355439064,63784329082623,0.5751717,0.4521743,0.4981989,0.4542909,-14.7922,2.670541,-1.009351,0.01811725,0.9941214,-0.005556013,0.1066,0,0,0,0,0,0,0,14.79305,-2.666955,0.9882257,-0.004516215,-0.9999716,-0.006020997,-0.02871384,0.003132721,-0.02023886,0.03041051,0.004037659,-0.02201204,0.1240387,-0.1408691,0.9822235,0.06771851,-0.1374969,0.9881744,0.002178024,0.002170197,True,True
6355447381,63784329082635,0.575293,0.4535866,0.4978498,0.4507329,-14.79242,2.670588,-1.009274,0.01792859,0.9941094,-0.005054444,0.1067687,0,0,0,0,0,0,0,14.79327,-2.667016,0.988148,-0.004166495,-0.9999737,-0.00593158,-0.0287027,0.003104599,-0.02023886,0.03041817,0.004039612,-0.02201295,0.1244202,-0.1368561,0.9827423,0.06671143,-0.1476288,0.9867859,0.002178619,0.002168915,True,True
6355455615,63784329082646,0.5755649,0.4530822,0.4991313,0.4495479,-14.79274,2.670676,-1.009264,0.01776214,0.9941041,-0.004700074,0.1068617,0,0,0,0,0,0,0,14.7936,-2.667113,0.9881374,-0.003903436,-0.9999753,-0.005847476,-0.02869533,0.003077209,-0.02023886,0.03042442,0.004048065,-0.02201379,0.1250916,-0.1382751,0.9824524,0.07000732,-0.1509552,0.9860535,0.002201736,0.002159287,True,True
6355464004,63784329082646,0.5748653,0.4532597,0.4991271,0.4493974,-14.79274,2.670676,-1.009264,0.01776214,0.9941041,-0.004700074,0.1068617,0,0,0,0,0,0,0,14.79361,-2.667119,0.9881369,-0.003908813,-0.9999753,-0.005846923,-0.02868695,0.003064987,-0.02023886,0.03042947,0.004048279,-0.02201482,0.1233063,-0.1378021,0.9827423,0.06999207,-0.1513824,0.9859924,0.002185852,0.002158844,True,True
6355472681,63784329082657,0.5748645,0.4539364,0.4996057,0.448692,-14.79298,2.670713,-1.009289,0.01768871,0.9941042,-0.004233883,0.106893,0,0,0,0,0,0,0,14.79386,-2.667164,0.988155,-0.003583865,-0.9999766,-0.005831419,-0.02868385,0.003050339,-0.02023886,0.03043349,0.004048279,-0.02202943,0.1233368,-0.1358795,0.9830017,0.07121277,-0.1533661,0.9855957,0.0021866,0.00215863,True,True
6355480770,63784329082668,0.5747027,0.4527303,0.4991583,0.4473148,-14.79317,2.670804,-1.009229,0.01748078,0.9941092,-0.003876758,0.1068945,0,0,0,0,0,0,0,14.79405,-2.667258,0.9880802,-0.003331335,-0.9999781,-0.005718944,-0.02867845,0.003043213,-0.02023886,0.0304417,0.004048279,-0.02205881,0.1228638,-0.1393127,0.9825897,0.07000732,-0.1572723,0.9850616,0.00218602,0.002154724,True,True
6355488992,63784329082680,0.5743701,0.4520741,0.4993714,0.4476586,-14.79342,2.670839,-1.009147,0.01728579,0.9941081,-0.003358621,0.1069534,0,0,0,0,0,0,0,14.79431,-2.667298,0.9879681,-0.002967321,-0.9999798,-0.005624661,-0.02867145,0.003035278,-0.02023886,0.03045033,0.004048279,-0.02211954,0.1219788,-0.1411896,0.9824371,0.0705719,-0.1562958,0.9851837,0.00219661,0.002156845,True,True
6355497430,63784329082680,0.5741448,0.4499437,0.4986909,0.4480483,-14.79342,2.670839,-1.009147,0.01728579,0.9941081,-0.003358621,0.1069534,0,0,0,0,0,0,0,14.79432,-2.667307,0.9879325,-0.002974551,-0.9999797,-0.005626123,-0.02866762,0.00301712,-0.02023886,0.03045972,0.004048279,-0.02219067,0.1212921,-0.1472321,0.9816284,0.06881714,-0.1552124,0.9854736,0.002184738,0.002173538,True,True
6355505885,63784329082690,0.5754555,0.4493603,0.4988764,0.4482517,-14.79369,2.670937,-1.009204,0.01720662,0.9941043,-0.003000548,0.1070126,0,0,0,0,0,0,0,14.79459,-2.667409,0.9879678,-0.002715209,-0.9999806,-0.005600092,-0.02866296,0.003008133,-0.02023886,0.03046593,0.004048065,-0.02223306,0.1246185,-0.148819,0.9809723,0.06930542,-0.1546326,0.9855347,0.002195603,0.002155243,True,True
6355514411,63784329082702,0.5754032,0.4501602,0.4984795,0.4490529,-14.7939,2.671023,-1.009198,0.01694355,0.994112,-0.00254905,0.1069942,0,0,0,0,0,0,0,14.7948,-2.667501,0.9879277,-0.002392689,-0.9999823,-0.00545216,-0.02866121,0.002996063,-0.02024332,0.03047282,0.004047516,-0.02229732,0.124527,-0.1465607,0.9813232,0.06829834,-0.1523743,0.9859467,0.002197693,0.002154343,True,True
6355522291,63784329082713,0.5759332,0.4496167,0.4982636,0.4499489,-14.79407,2.671101,-1.009305,0.01681146,0.9941242,-0.002143147,0.1069107,0,0,0,0,0,0,0,14.79497,-2.667588,0.9880157,-0.002104173,-0.9999833,-0.005391835,-0.02866109,0.00298587,-0.02024696,0.03047729,0.004039612,-0.02233145,0.1258545,-0.1480713,0.9809265,0.06776428,-0.1498413,0.9863739,0.002200043,0.002168106,True,True
6355530745,63784329082713,0.5757457,0.4503109,0.4980225,0.4499836,-14.79407,2.671101,-1.009305,0.01681146,0.9941242,-0.002143147,0.1069107,0,0,0,0,0,0,0,14.79498,-2.66759,0.9879758,-0.002107368,-0.9999833,-0.005390636,-0.02865897,0.002982529,-0.0202843,0.03048387,0.004039612,-0.02237392,0.125412,-0.1461182,0.9812775,0.06713867,-0.1497498,0.9864349,0.002199646,0.002167099,True,True
6355539186,63784329082724,0.5760695,0.4499437,0.4978722,0.4472249,-14.79432,2.671166,-1.009416,0.01674535,0.9941223,-0.001766356,0.1069458,0,0,0,0,0,0,0,14.79523,-2.66766,0.9880798,-0.001846245,-0.9999838,-0.00537727,-0.02865823,0.002972733,-0.02029863,0.03048769,0.004039612,-0.02237392,0.1262207,-0.1471405,0.9810181,0.06666565,-0.1575623,0.9852448,0.00220163,0.002151794,True,True
6355547537,63784329082736,0.5766805,0.4486908,0.4974319,0.4471808,-14.79443,2.671247,-1.00952,0.01667145,0.9941324,-0.001304859,0.1068697,0,0,0,0,0,0,0,14.79535,-2.667743,0.9881838,-0.001525683,-0.9999844,-0.005362416,-0.02865584,0.002967193,-0.02029863,0.03049374,0.004039612,-0.02237392,0.1277161,-0.15065,0.9803009,0.06552124,-0.1576996,0.9853058,0.002225113,0.002151611,True,True
6355555677,63784329082747,0.5765624,0.4494764,0.4971938,0.4459289,-14.79466,2.671337,-1.009619,0.01665629,0.994138,-0.0008643146,0.1068247,0,0,0,0,0,0,0,14.79559,-2.66784,0.9882796,-0.001227819,-0.9999847,-0.005384506,-0.0286546,0.002954742,-0.02030383,0.03049773,0.004039612,-0.02237392,0.1274567,-0.1484375,0.9806671,0.06486511,-0.1612396,0.9847717,0.00222522,0.002151032,True,True
6355564094,63784329082747,0.5757148,0.4486534,0.4971699,0.4454583,-14.79466,2.671337,-1.009619,0.01665629,0.994138,-0.0008643146,0.1068247,0,0,0,0,0,0,0,14.79559,-2.667843,0.9882796,-0.001234646,-0.9999847,-0.005385521,-0.0286532,0.002948288,-0.02030383,0.03049773,0.004039612,-0.02237392,0.1252441,-0.1508026,0.9805908,0.06478882,-0.1625671,0.9845581,0.002209244,0.002165848,True,True
6355572350,63784329082757,0.5767787,0.4467119,0.4981027,0.4456384,-14.79492,2.671421,-1.009762,0.01653064,0.9941345,-0.0004646399,0.10688,0,0,0,0,0,0,0,14.79584,-2.667939,0.9884232,-0.0009399506,-0.9999854,-0.005333235,-0.0286503,0.002930145,-0.02030383,0.03049773,0.004033127,-0.02237392,0.1278534,-0.1562195,0.9794006,0.06721497,-0.1620331,0.9844818,0.002208343,0.002161728,True,True
6355580759,63784329082768,0.5760874,0.4471797,0.4985123,0.4462785,-14.79507,2.671543,-1.009804,0.01635519,0.9941482,-4.546557E-06,0.10678,0,0,0,0,0,0,0,14.79599,-2.668077,0.9884647,-0.0006157962,-0.9999861,-0.005245839,-0.02864807,0.002915405,-0.02030383,0.03049773,0.004016815,-0.02237392,0.1261139,-0.1549377,0.9798279,0.06829834,-0.1602173,0.9847107,0.002208664,0.002161926,True,True
6355588833,63784329082768,0.5759199,0.4469066,0.4984414,0.4477703,-14.79507,2.671543,-1.009804,0.01635519,0.9941482,-4.546557E-06,0.10678,0,0,0,0,0,0,0,14.796,-2.668095,0.9884647,-0.0006175357,-0.9999861,-0.005244087,-0.02864519,0.00290419,-0.02030383,0.03049837,0.003993012,-0.02237392,0.1256714,-0.1557159,0.9797668,0.06816101,-0.1560059,0.9853973,0.002224167,0.00216272,True,True
6355597334,63784329082780,0.5756839,0.4473121,0.4991049,0.4478443,-14.79529,2.671625,-1.009943,0.01627787,0.9941565,0.0004166024,0.1067134,0,0,0,0,0,0,0,14.79622,-2.668186,0.9885985,-0.0003220041,-0.9999863,-0.00522185,-0.02864247,0.00289241,-0.02031409,0.03049853,0.003985351,-0.02237392,0.1250916,-0.1545868,0.9800262,0.06988525,-0.155777,0.9853058,0.002223892,0.00216243,True,True
6355605833,63784329082791,0.5761799,0.4472976,0.4990696,0.4468674,-14.79554,2.671695,-1.010137,0.01626619,0.99416,0.0007844266,0.1066806,0,0,0,0,0,0,0,14.79647,-2.668271,0.9887922,-6.780185E-05,-0.9999863,-0.005242244,-0.02864244,0.002876526,-0.0203156,0.03049928,0.00397261,-0.02237392,0.126358,-0.1546021,0.9798584,0.06976318,-0.1585388,0.9848785,0.002224457,0.002166061,True,True
6355614103,63784329082802,0.5761526,0.4474763,0.4993221,0.4464322,-14.79571,2.6718,-1.010263,0.01612196,0.9941752,0.00107072,0.1065587,0,0,0,0,0,0,0,14.79664,-2.668386,0.9889181,0.0001400073,-0.9999866,-0.005165346,-0.02864217,0.00286824,-0.0203156,0.03049974,0.003959992,-0.02237392,0.126297,-0.1540985,0.9799347,0.07040405,-0.1597595,0.9846344,0.002224152,0.002162277,True,True
6355622389,63784329082813,0.576116,0.4483163,0.4993389,0.4451272,-14.79588,2.671851,-1.010404,0.01607765,0.9941851,0.001380521,0.1064696,0,0,0,0,0,0,0,14.79681,-2.668453,0.9890592,0.0003542414,-0.9999866,-0.00515812,-0.02864194,0.002851089,-0.0203156,0.03049999,0.003944702,-0.02237392,0.1262512,-0.1517334,0.9803162,0.07040405,-0.1634369,0.984024,0.00222438,0.002161911,True,True
6355630635,63784329082813,0.5755504,0.4485477,0.4993033,0.4460592,-14.79588,2.671851,-1.010404,0.01607765,0.9941851,0.001380521,0.1064696,0,0,0,0,0,0,0,14.79681,-2.668468,0.9890592,0.0003497766,-0.9999866,-0.005156177,-0.0286413,0.002835525,-0.0203156,0.03050024,0.003930283,-0.02237392,0.1248169,-0.1511078,0.9805908,0.07034302,-0.1608124,0.9844666,0.002223923,0.002161911,True,True
6355639105,63784329082824,0.5755063,0.4489484,0.4994392,0.4455436,-14.79611,2.671919,-1.010678,0.01608283,0.9942006,0.001640852,0.1063194,0,0,0,0,0,0,0,14.79704,-2.668547,0.9893334,0.0005283461,-0.9999865,-0.005178318,-0.0286413,0.002821976,-0.0203156,0.03050091,0.003921875,-0.02237392,0.1247253,-0.1499786,0.9807739,0.07067871,-0.162262,0.9842072,0.002223923,0.002161804,True,True
6355647423,63784329082836,0.5754234,0.4488911,0.4994342,0.4454892,-14.79625,2.67203,-1.010791,0.01604143,0.9942233,0.001899663,0.1061095,0,0,0,0,0,0,0,14.79718,-2.668665,0.9894463,-0.9061542,-0.4229418,-0.002185931,-0.0286413,0.002808273,-0.0203156,0.0305013,0.003921676,-0.02237392,0.1245117,-0.1501465,0.9807892,0.07066345,-0.1624146,0.9841766,0.002216461,0.002161865,True,True
6355655624,63784329082836,0.5752289,0.4488021,0.4992109,0.4454646,-14.79625,2.67203,-1.010791,0.01604143,0.9942233,0.001899663,0.1061095,0,0,0,0,0,0,0,14.79718,-2.668668,0.9894401,-0.9061543,-0.4229417,-0.00218586,-0.0286413,0.00280426,-0.0203156,0.03050444,0.00391954,-0.02238635,0.1240082,-0.1504059,0.9808044,0.07008362,-0.1624908,0.9842072,0.002211273,0.002162811,True,True
6355664051,63784329082847,0.5749935,0.4475402,0.4992485,0.4448038,-14.79648,2.672151,-1.011054,0.01605893,0.9942296,0.002174202,0.1060422,0,0,0,0,0,0,0,14.79742,-2.66879,0.9896685,-0.9061307,-0.422992,-0.002200437,-0.0286413,0.002802216,-0.02034938,0.03050444,0.00391954,-0.02242149,0.1233368,-0.1539764,0.9803314,0.07015991,-0.1643524,0.983902,0.00221019,0.002165359,True,True
6355672475,63784329082858,0.5743915,0.4475237,0.4988239,0.4453495,-14.79671,2.672214,-1.011294,0.01609652,0.994267,0.002633596,0.1056757,0,0,0,0,0,0,0,14.79764,-2.668854,0.9898539,-0.9060683,-0.4231255,-0.002224737,-0.0286413,0.002801529,-0.02039383,0.03050444,0.003918991,-0.0224861,0.1217957,-0.1540527,0.9805145,0.06907654,-0.1628265,0.9842224,0.00220813,0.002168625,True,True
6355680624,63784329082870,0.5743313,0.4467126,0.49872,0.4447326,-14.79689,2.672363,-1.011438,0.01623479,0.994287,0.003279377,0.1054484,0,0,0,0,0,0,0,14.79782,-2.669003,0.9899839,-0.9060097,-0.4232507,-0.0022851,-0.0286413,0.002799759,-0.0204036,0.03050444,0.003918991,-0.02250537,0.1215973,-0.1563416,0.9801788,0.06878662,-0.164566,0.9839478,0.002207672,0.00216365,True,True
6355688976,63784329082870,0.5743319,0.4463983,0.4985523,0.4435472,-14.79689,2.672363,-1.011438,0.01623479,0.994287,0.003279377,0.1054484,0,0,0,0,0,0,0,14.79782,-2.669005,0.9899586,-0.9060078,-0.4232548,-0.00228591,-0.0286413,0.002796097,-0.02040601,0.03050444,0.003918991,-0.02255354,0.121582,-0.1572266,0.9800415,0.0683136,-0.1679077,0.983429,0.002207626,0.00216272,True,True
6355697375,63784329082880,0.573934,0.4463452,0.4985622,0.4432478,-14.79711,2.672587,-1.011716,0.0161681,0.9943199,0.004338803,0.105108,0,0,0,0,0,0,0,14.79804,-2.669234,0.9902261,-0.9059165,-0.4234503,-0.002299428,-0.0286424,0.002786865,-0.02041008,0.03050444,0.003918991,-0.02257019,0.1205597,-0.1573944,0.9801331,0.06832886,-0.1687469,0.9832764,0.002208801,0.002166763,True,True
6355705887,63784329082892,0.5740998,0.4458329,0.4979469,0.4439545,-14.79738,2.672828,-1.0119,0.01617931,0.9943483,0.005831981,0.1047658,0,0,0,0,0,0,0,14.79831,-2.669479,0.9903877,-0.9058045,-0.4236895,-0.0023482,-0.02864452,0.002779068,-0.02041008,0.03050444,0.003918991,-0.02261456,0.1209564,-0.1588287,0.9798584,0.0667572,-0.1667786,0.9837189,0.002208511,0.002168823,True,True
6355714159,63784329082903,0.5740961,0.4460117,0.4976927,0.4430888,-14.79759,2.673097,-1.012047,0.01627308,0.994388,0.007423435,0.1042716,0,0,0,0,0,0,0,14.79852,-2.669749,0.9905344,-0.9056696,-0.4239772,-0.002423782,-0.02864726,0.002776215,-0.02041008,0.03050444,0.003918594,-0.02261456,0.1209564,-0.1583252,0.9799347,0.06607056,-0.16922,0.9833527,0.002208618,0.00216539,True,True
6355722383,63784329082903,0.5742665,0.4458514,0.4977115,0.4430069,-14.79759,2.673097,-1.012047,0.01627308,0.994388,0.007423435,0.1042716,0,0,0,0,0,0,0,14.79852,-2.66975,0.9905344,-0.9056692,-0.4239781,-0.002423982,-0.02864992,0.002776093,-0.02041008,0.03050305,0.003917908,-0.02261456,0.1213837,-0.1587677,0.9798126,0.06611633,-0.1694489,0.9833069,0.002211487,0.002168305,True,True
6355730706,63784329082914,0.5746491,0.4426151,0.5017866,0.4373701,-14.79784,2.673391,-1.01223,0.01636637,0.9944075,0.008960779,0.1039508,0,0,0,0,0,0,0,14.79868,-2.670225,0.991275,-0.9055427,-0.4242477,-0.002504278,-0.02867864,0.002699783,-0.02029434,0.03037674,0.003631851,-0.02161627,0.1221771,-0.1678314,0.9782104,0.07644653,-0.1850739,0.9797363,0.002191757,0.002251999,True,True
6355738929,63784329082926,0.5748044,0.4421103,0.5052364,0.4369262,-14.79811,2.673679,-1.012404,0.01658759,0.9944268,0.0108728,0.1035472,0,0,0,0,0,0,0,14.79895,-2.670552,0.9914902,-0.9054002,-0.424551,-0.002627482,-0.02868363,0.002672501,-0.02027545,0.03036122,0.003581131,-0.02155275,0.1225433,-0.1692352,0.9779205,0.08531189,-0.1861725,0.9787903,0.002225006,0.002235458,True,True
6355747359,63784329082936,0.5726085,0.442315,0.5056503,0.4353482,-14.79827,2.674011,-1.012525,0.01673864,0.9944422,0.01273766,0.1031626,0,0,0,0,0,0,0,14.7991,-2.670923,0.9916016,-0.9052641,-0.4248404,-0.002727325,-0.02869089,0.002660507,-0.02036621,0.03033908,0.003516159,-0.02148083,0.1169434,-0.1687775,0.9786835,0.08630371,-0.1905365,0.9778748,0.002147522,0.002254181,True,True
6355755551,63784329082936,0.5765094,0.4401535,0.5018043,0.4355406,-14.79827,2.674011,-1.012525,0.01673864,0.9944422,0.01273766,0.1031626,0,0,0,0,0,0,0,14.79907,-2.670976,0.9916669,-0.9052615,-0.4248461,-0.002728601,-0.02870625,0.002641068,-0.02042195,0.03030556,0.003427948,-0.0212944,0.12677,-0.1746063,0.9764404,0.07641602,-0.190155,0.9787598,0.002221451,0.002213272,True,True
6355764042,63784329082949,0.572957,0.439096,0.50121,0.4356484,-14.79849,2.674335,-1.012678,0.01711747,0.9944384,0.014954,0.1028384,0,0,0,0,0,0,0,14.79932,-2.671232,0.9913441,-0.905118,-0.4251506,-0.002903814,-0.02873433,0.002585129,-0.02035326,0.03038797,0.003622955,-0.02231386,0.1176453,-0.1777496,0.977005,0.07489014,-0.1898804,0.9789429,0.002235962,0.002168671,True,True
6355772181,63784329082959,0.5747494,0.4379424,0.5043463,0.4349373,-14.79876,2.674647,-1.012851,0.01729621,0.9944352,0.01703667,0.1025153,0,0,0,0,0,0,0,14.79952,-2.671716,0.9920316,-0.9049737,-0.4254567,-0.003020737,-0.0287605,0.002544922,-0.02033749,0.03027374,0.003317337,-0.02130183,0.1221466,-0.1808624,0.9758911,0.08293152,-0.1917267,0.9779205,0.00224295,0.002272903,True,True
6355780481,63784329082970,0.5727077,0.4350688,0.5044031,0.4324419,-14.79893,2.675051,-1.012842,0.01727515,0.9944376,0.01888286,0.1021716,0,0,0,0,0,0,0,14.79968,-2.672137,0.9919162,-0.9048368,-0.4257475,-0.003072621,-0.02878439,0.002495987,-0.02029553,0.03027704,0.003332169,-0.02155615,0.1167603,-0.1889496,0.9750061,0.08296204,-0.1986237,0.9765472,0.002279617,0.002178894,True,True
6355788690,63784329082970,0.5763517,0.4349032,0.5041601,0.4298403,-14.79893,2.675051,-1.012842,0.01727515,0.9944376,0.01888286,0.1021716,0,0,0,0,0,0,0,14.79966,-2.672205,0.9919261,-0.9048312,-0.4257594,-0.00307566,-0.02879897,0.002480347,-0.02044315,0.03025227,0.003211884,-0.02138884,0.1260223,-0.1891937,0.9738159,0.08221436,-0.2057953,0.9751282,0.002187149,0.002222809,True,True
6355797168,63784329082981,0.5709976,0.4352852,0.5028715,0.4327196,-14.79906,2.675296,-1.012883,0.01718835,0.9944347,0.02082882,0.1018353,0,0,0,0,0,0,0,14.79978,-2.672486,0.9918965,-0.9047037,-0.42603,-0.003104086,-0.02881799,0.002427322,-0.02041998,0.03024623,0.003192642,-0.02155302,0.1124115,-0.188446,0.9756165,0.07904053,-0.1979218,0.9770203,0.002146606,0.002234192,True,True
6355805507,63784329082992,0.5746438,0.433206,0.5047063,0.4302259,-14.7993,2.675598,-1.01309,0.01707867,0.9944249,0.02251962,0.1015889,0,0,0,0,0,0,0,14.80001,-2.672824,0.9920681,-0.9045816,-0.4262891,-0.00312775,-0.02882996,0.002373703,-0.02035497,0.03023695,0.003172989,-0.02168958,0.1215668,-0.193985,0.9734344,0.08363342,-0.2047119,0.975235,0.002215042,0.002208878,True,True
6355813838,63784329083004,0.5712163,0.4310148,0.5025463,0.4309582,-14.79937,2.675963,-1.013126,0.01687635,0.9944124,0.02415144,0.1013706,0,0,0,0,0,0,0,14.80006,-2.673245,0.9920999,-0.9044753,-0.4265147,-0.003117152,-0.02883646,0.002341492,-0.02040013,0.03022128,0.003094894,-0.02165108,0.1127014,-0.2002258,0.9732361,0.078125,-0.2027893,0.9760895,0.002151535,0.002203644,True,True
6355822203,63784329083004,0.5687534,0.4313761,0.505289,0.4281626,-14.79937,2.675963,-1.013126,0.01687635,0.9944124,0.02415144,0.1013706,0,0,0,0,0,0,0,14.80003,-2.673313,0.9921469,-0.9044718,-0.4265219,-0.00311898,-0.02884529,0.002319382,-0.02050099,0.03018068,0.002979981,-0.02145631,0.1064453,-0.1993713,0.9741211,0.08502197,-0.2103424,0.9739075,0.00218335,0.002181137,True,True
6355830470,63784329083016,0.5685579,0.4290712,0.5066065,0.4273254,-14.7995,2.676194,-1.013222,0.01661003,0.9944156,0.02554115,0.1010419,0,0,0,0,0,0,0,14.80016,-2.673604,0.9923096,-0.9043584,-0.4267626,-0.003084931,-0.02885132,0.002279846,-0.02049306,0.03016315,0.002898758,-0.02133086,0.1058044,-0.205719,0.9728699,0.08834839,-0.2125702,0.9731293,0.002182343,0.002177795,True,True
6355838913,63784329083026,0.5710496,0.4300305,0.5052968,0.4265884,-14.79974,2.676405,-1.013445,0.01620982,0.9944181,0.02668332,0.1007866,0,0,0,0,0,0,0,14.80039,-2.67386,0.9925351,-0.904269,-0.4269526,-0.003002516,-0.02885722,0.002234573,-0.02046738,0.03015607,0.002855835,-0.02135213,0.1122131,-0.2029419,0.9727325,0.08496094,-0.2146454,0.9729767,0.002178467,0.002243378,True,True
6355847056,63784329083037,0.5705475,0.4262955,0.503617,0.4267955,-14.79986,2.676595,-1.013502,0.01581657,0.9944199,0.02754252,0.1006004,0,0,0,0,0,0,0,14.8005,-2.674074,0.9925324,-0.9041985,-0.4271025,-0.002915531,-0.02887062,0.002201919,-0.02047957,0.03015303,0.002838776,-0.02145908,0.1106873,-0.2131958,0.9707031,0.08067322,-0.2141571,0.9734497,0.002167557,0.002150665,True,True
